ORAM, N, datasize, stashsize, Z, PositionMap Time, Download Path Time, Fetch Block Time, Eviction Time, Upload Path Time, Total Time
Path,131072,128,150,3,0.709088,0.122762,0.225722,0.293404,0.098854,1.493373
Path,131072,128,150,4,0.729796,0.162170,0.267110,0.378425,0.119553,1.702127
Path,131072,256,150,3,0.759888,0.167901,0.456607,0.611541,0.124903,2.174962
Path,131072,256,150,4,0.696043,0.175032,0.468720,0.635719,0.136173,2.156842
Path,131072,1024,150,3,0.818587,0.317164,1.487713,1.992846,0.200966,4.869376
Path,131072,1024,150,4,0.754024,0.399744,1.929260,2.403065,0.249052,5.787671
Path,1024,128,150,3,0.008951,0.073852,0.138362,0.175864,0.063496,0.505565
Path,1024,128,150,4,0.008921,0.082241,0.151693,0.200070,0.083350,0.568050
Path,1024,256,150,3,0.008990,0.086975,0.231345,0.317570,0.070411,0.757645
Path,1024,256,150,4,0.009147,0.104696,0.285102,0.391892,0.083232,0.917759
Path,1024,1024,150,3,0.009565,0.205906,0.934895,1.185573,0.190219,2.580017
Path,1024,1024,150,4,0.009235,0.216046,1.081752,1.425500,0.155557,2.937438
Path,16384,128,150,3,0.089289,0.096482,0.180083,0.239215,0.082233,0.731494
Path,16384,128,150,4,0.088394,0.113456,0.214776,0.291496,0.098261,0.863581
Path,16384,256,150,3,0.089693,0.120188,0.327618,0.423590,0.095723,1.100087
Path,16384,256,150,4,0.090950,0.142232,0.394855,0.523424,0.132369,1.332642
Path,16384,1024,150,3,0.118282,0.297235,1.226523,1.575627,0.173952,3.442873
Path,16384,1024,150,4,0.111451,0.382169,1.511679,1.928074,0.248590,4.235682
Circuit,131072,128,16,2,0.720658,0.091545,0.007069,0.332673,0.079565,1.281779
Circuit,131072,128,8,3,0.802566,0.166472,0.006458,0.547534,0.119259,1.701777
Circuit,131072,256,16,2,NA,NA,NA,NA,NA,NA
Circuit,131072,256,8,3,0.726299,0.158191,0.007847,0.552244,0.114070,1.603589
Circuit,131072,1024,16,2,0.689370,0.220110,0.016875,0.727090,0.131929,1.837360
Circuit,131072,1024,8,3,0.726012,0.304416,0.018345,1.150116,0.200224,2.453590
Circuit,1024,128,16,2,0.009804,0.051577,0.004891,0.187286,0.044235,0.340208
Circuit,1024,128,8,3,0.011628,0.077954,0.005017,0.264639,0.060838,0.463423
Circuit,1024,256,16,2,0.008905,0.061102,0.005953,0.225109,0.049164,0.394634
Circuit,1024,256,8,3,0.009004,0.089302,0.006535,0.336129,0.075453,0.561115
Circuit,1024,1024,16,2,0.008933,0.120613,0.012225,0.433767,0.080696,0.702596
Circuit,1024,1024,8,3,0.009065,0.180941,0.012934,0.623167,0.118125,0.989970
Circuit,16384,128,16,2,0.094231,0.071867,0.005373,0.267307,0.065739,0.548686
Circuit,16384,128,8,3,0.088492,0.098621,0.005615,0.359645,0.081556,0.675968
Circuit,16384,256,16,2,0.092067,0.090534,0.006711,0.312968,0.066519,0.612971
Circuit,16384,256,8,3,0.091812,0.130151,0.007216,0.447748,0.101932,0.824028
Circuit,16384,1024,16,2,0.095389,0.175101,0.015838,0.633840,0.115579,1.088159
Circuit,16384,1024,8,3,0.091045,0.250540,0.015928,0.888990,0.188636,1.483275
