0.111000, 0.069800, 0.005500, 0.253500, 0.058200, 0.541700
0.088900, 0.069100, 0.005400, 0.258700, 0.058100, 0.522600
0.088600, 0.068200, 0.005300, 0.253800, 0.058100, 0.515900
0.088600, 0.068900, 0.005300, 0.253000, 0.058100, 0.515100
0.088500, 0.068400, 0.005300, 0.253000, 0.058000, 0.514700
0.088500, 0.069000, 0.005300, 0.253200, 0.058000, 0.514900
0.088600, 0.068200, 0.005300, 0.267726, 0.058100, 0.528926
0.088600, 0.068500, 0.005300, 0.253400, 0.058000, 0.515400
0.088400, 0.068700, 0.005300, 0.253100, 0.057600, 0.514500
0.088500, 0.068200, 0.005200, 0.253400, 0.058000, 0.514900
0.088400, 0.067700, 0.005200, 0.253600, 0.057800, 0.514100
0.088500, 0.067800, 0.005500, 0.434100, 0.058300, 0.696600
0.257200, 0.090600, 0.005400, 0.451026, 0.089600, 1.021426
0.088800, 0.069800, 0.005300, 0.377500, 0.057900, 0.642300
0.140600, 0.187400, 0.005700, 0.510300, 0.126300, 1.029100
0.201200, 0.117300, 0.005600, 0.382000, 0.129200, 0.928800
0.226600, 0.072700, 0.005600, 0.315300, 0.075800, 0.742700
0.092500, 0.071700, 0.005600, 0.279926, 0.060500, 0.554026
0.093100, 0.091700, 0.005700, 0.265600, 0.061700, 0.604100
0.092800, 0.071500, 0.005600, 0.264400, 0.060500, 0.539200
0.092800, 0.071500, 0.005500, 0.263900, 0.060400, 0.536700
0.092500, 0.071000, 0.005500, 0.264000, 0.060100, 0.536500
0.092400, 0.071300, 0.005500, 0.270200, 0.060900, 0.543200
0.088500, 0.067800, 0.005200, 0.287300, 0.072827, 0.563427
0.088700, 0.068900, 0.005300, 0.304700, 0.057800, 0.568200
0.088500, 0.068500, 0.005300, 0.254000, 0.058400, 0.517800
0.088400, 0.068100, 0.005300, 0.253400, 0.057900, 0.514600
0.088500, 0.068100, 0.005300, 0.253500, 0.058000, 0.514800
0.088500, 0.068400, 0.005300, 0.252400, 0.057800, 0.513500
0.088500, 0.068300, 0.005300, 0.253500, 0.058000, 0.514900
0.088400, 0.068400, 0.005300, 0.267526, 0.058000, 0.528926
0.088500, 0.068200, 0.005400, 0.252800, 0.057900, 0.514100
0.088500, 0.068800, 0.005300, 0.252700, 0.058000, 0.514700
0.088400, 0.068700, 0.005300, 0.263100, 0.057500, 0.524100
0.088700, 0.068400, 0.005400, 0.257500, 0.057900, 0.519400
0.096100, 0.075300, 0.005300, 0.257200, 0.547600, 1.026000
0.088900, 0.068300, 0.006000, 0.255800, 0.058800, 0.522600
0.102626, 0.069500, 0.005300, 0.255100, 0.058200, 0.534926
0.088900, 0.069200, 0.005400, 0.253800, 0.058400, 0.520600
0.089200, 0.069200, 0.005300, 0.256400, 0.059700, 0.523700
0.089300, 0.070800, 0.005300, 0.254000, 0.058300, 0.520400
0.089000, 0.068800, 0.005500, 0.257000, 0.058000, 0.521500
0.089500, 0.069200, 0.005200, 0.253400, 0.058600, 0.517500
0.088600, 0.069600, 0.005600, 0.255800, 0.059700, 0.522000
0.089700, 0.069200, 0.005500, 0.270126, 0.058300, 0.535826
0.089500, 0.069700, 0.005300, 0.253900, 0.058600, 0.520800
0.090200, 0.069200, 0.005900, 0.255400, 0.057900, 0.520500
0.089200, 0.069300, 0.005800, 0.255800, 0.058600, 0.523400
0.088700, 0.069900, 0.005300, 0.254800, 0.058100, 0.520700
0.090500, 0.067900, 0.005300, 0.251800, 0.059800, 0.519000
0.088600, 0.068000, 0.005200, 0.278100, 0.057800, 0.540100
0.088500, 0.068000, 0.005400, 0.252400, 0.057600, 0.517500
0.097626, 0.068600, 0.005400, 0.258200, 0.064800, 0.536526
0.088600, 0.068200, 0.005400, 0.252400, 0.058000, 0.514300
0.088600, 0.067900, 0.005200, 0.252800, 0.057800, 0.514100
0.088400, 0.068100, 0.005300, 0.254000, 0.057900, 0.515000
0.088500, 0.068300, 0.005200, 0.251900, 0.057800, 0.513600
0.088400, 0.068200, 0.005300, 0.253700, 0.057900, 0.515100
0.088600, 0.068300, 0.005300, 0.253500, 0.058100, 0.515200
0.088400, 0.068200, 0.005200, 0.262426, 0.057900, 0.523526
0.088700, 0.068300, 0.005300, 0.252700, 0.058200, 0.514800
0.088700, 0.068000, 0.005300, 0.253000, 0.057800, 0.513700
0.088500, 0.068300, 0.005300, 0.252900, 0.057900, 0.514400
0.088400, 0.068600, 0.005300, 0.355600, 0.057900, 0.618100
0.088500, 0.068400, 0.005400, 0.253200, 0.058100, 0.516100
0.088500, 0.068800, 0.005300, 0.253000, 0.058100, 0.515700
0.088400, 0.068400, 0.005300, 0.253100, 0.058000, 0.514600
0.088400, 0.078426, 0.005300, 0.253000, 0.058000, 0.524926
0.088600, 0.068400, 0.005300, 0.252500, 0.058100, 0.514600
0.088500, 0.068200, 0.005300, 0.252700, 0.057600, 0.513700
0.089000, 0.072600, 0.005300, 0.251800, 0.057800, 0.517900
0.088500, 0.068200, 0.005400, 0.252500, 0.058000, 0.514400
0.088400, 0.068500, 0.005300, 0.252300, 0.058000, 0.513800
0.088500, 0.068500, 0.005300, 0.253000, 0.058000, 0.515000
0.088500, 0.068400, 0.005200, 0.266627, 0.057800, 0.528427
0.088700, 0.068500, 0.005300, 0.252400, 0.057900, 0.514700
0.088500, 0.068300, 0.005300, 0.251600, 0.057900, 0.513200
0.088400, 0.068200, 0.005300, 0.252600, 0.057800, 0.514000
0.088700, 0.068100, 0.005300, 0.252700, 0.058000, 0.514300
0.088500, 0.068600, 0.005200, 0.252800, 0.057800, 0.514300
0.088500, 0.068600, 0.005300, 0.252400, 0.057900, 0.514200
0.088500, 0.068100, 0.005300, 0.252400, 0.057700, 0.513400
0.088500, 0.068000, 0.005300, 0.265926, 0.058400, 0.528026
0.088500, 0.068300, 0.005300, 0.252500, 0.057900, 0.514000
0.088400, 0.067900, 0.005300, 0.275800, 0.065700, 0.545400
0.088600, 0.068200, 0.005400, 0.252300, 0.057900, 0.514000
0.088500, 0.068000, 0.005300, 0.252900, 0.066200, 0.522400
0.088600, 0.067900, 0.005300, 0.257000, 0.057900, 0.518000
0.088500, 0.068500, 0.005300, 0.252800, 0.057700, 0.514300
0.088500, 0.068500, 0.005300, 0.252200, 0.057900, 0.513700
0.096926, 0.068900, 0.005400, 0.252600, 0.057800, 0.523226
0.088400, 0.068300, 0.005300, 0.252600, 0.058100, 0.514500
0.088500, 0.068000, 0.005200, 0.252600, 0.058100, 0.513500
0.088400, 0.150400, 0.005700, 0.252900, 0.092000, 0.632300
0.089200, 0.068600, 0.005300, 0.252500, 0.058200, 0.516300
0.088900, 0.068600, 0.005300, 0.254700, 0.058800, 0.518900
0.088400, 0.068500, 0.005400, 0.255500, 0.059000, 0.518100
0.088800, 0.068800, 0.005800, 0.266126, 0.057900, 0.529626
0.089300, 0.068000, 0.005600, 0.254500, 0.058900, 0.517800
0.088400, 0.068400, 0.005700, 0.253600, 0.057800, 0.516000
