0.009400, 0.071000, 0.005200, 0.262900, 0.060500, 0.451700
0.008900, 0.070500, 0.005200, 0.262500, 0.060600, 0.448900
0.009000, 0.070700, 0.005200, 0.261300, 0.060800, 0.447500
0.009000, 0.070700, 0.005200, 0.261400, 0.060700, 0.447900
0.009100, 0.070600, 0.005100, 0.261800, 0.060900, 0.447900
0.009000, 0.070600, 0.005200, 0.261600, 0.060700, 0.447800
0.009000, 0.070800, 0.005200, 0.260400, 0.060600, 0.450900
0.009000, 0.070400, 0.005000, 0.260100, 0.070026, 0.455326
0.008900, 0.070400, 0.005000, 0.259300, 0.060500, 0.445200
0.008900, 0.070400, 0.004900, 0.259500, 0.060200, 0.444600
0.009100, 0.070000, 0.005000, 0.258200, 0.060300, 0.443000
0.009000, 0.070200, 0.005000, 0.258700, 0.060500, 0.443900
0.009000, 0.070200, 0.005000, 0.258900, 0.060200, 0.443800
0.008900, 0.070300, 0.005000, 0.258800, 0.060100, 0.443400
0.009000, 0.070200, 0.005000, 0.258300, 0.060300, 0.443300
0.008900, 0.070200, 0.004900, 0.259500, 0.060300, 0.444300
0.009000, 0.083526, 0.005100, 0.264200, 0.060700, 0.463226
0.009200, 0.070300, 0.004900, 0.259100, 0.060200, 0.444300
0.009000, 0.070200, 0.005000, 0.259000, 0.060700, 0.444400
0.008900, 0.070000, 0.005000, 0.259500, 0.060400, 0.444200
0.009000, 0.070400, 0.005000, 0.259600, 0.060200, 0.444300
0.009000, 0.070200, 0.005000, 0.259500, 0.060200, 0.444300
0.008900, 0.070700, 0.005100, 0.259600, 0.060500, 0.445600
0.009100, 0.070000, 0.004900, 0.259700, 0.060100, 0.443700
0.009000, 0.070900, 0.005000, 0.259000, 0.060400, 0.444300
0.009100, 0.070500, 0.005100, 0.259600, 0.060600, 0.453926
0.009000, 0.070300, 0.005000, 0.263000, 0.060400, 0.448900
0.009000, 0.070100, 0.005000, 0.259400, 0.060200, 0.444000
0.242000, 0.073400, 0.005100, 0.260800, 0.061500, 0.686200
0.009100, 0.070200, 0.005000, 0.259300, 0.060200, 0.445500
0.009100, 0.070300, 0.005000, 0.259400, 0.060500, 0.445100
0.009000, 0.070100, 0.005000, 0.259300, 0.060500, 0.444200
0.009000, 0.070400, 0.005100, 0.258900, 0.060500, 0.444200
0.008900, 0.070800, 0.005000, 0.259100, 0.071726, 0.456426
0.009000, 0.070000, 0.004900, 0.258900, 0.060300, 0.443300
0.009100, 0.070200, 0.005000, 0.259600, 0.060100, 0.444500
0.009000, 0.070400, 0.005000, 0.259000, 0.060400, 0.444500
0.009100, 0.069800, 0.005000, 0.259600, 0.064800, 0.448600
0.009000, 0.070300, 0.004900, 0.259000, 0.060300, 0.443800
0.009000, 0.070500, 0.005000, 0.270400, 0.060500, 0.456300
0.009100, 0.070200, 0.005000, 0.275900, 0.060300, 0.461800
0.009000, 0.070600, 0.005000, 0.267600, 0.060300, 0.453700
0.009300, 0.070300, 0.005100, 0.259500, 0.060300, 0.446000
0.008900, 0.070600, 0.005000, 0.259600, 0.060500, 0.445300
0.009000, 0.070300, 0.005000, 0.259600, 0.060300, 0.453700
0.008900, 0.070000, 0.005000, 0.259800, 0.060300, 0.444300
0.008900, 0.070200, 0.005000, 0.258700, 0.060600, 0.443800
0.008900, 0.070100, 0.005000, 0.264100, 0.060300, 0.449400
0.008900, 0.070000, 0.004900, 0.259000, 0.060400, 0.443700
0.008900, 0.069600, 0.005000, 0.259100, 0.060200, 0.443100
0.009000, 0.070300, 0.005000, 0.268526, 0.060400, 0.453826
0.009000, 0.070000, 0.005000, 0.259800, 0.060600, 0.445100
0.009000, 0.070200, 0.004900, 0.259200, 0.060400, 0.444500
0.009000, 0.070300, 0.005000, 0.259000, 0.060600, 0.444200
0.009000, 0.070100, 0.005000, 0.259100, 0.060400, 0.443700
0.009000, 0.070100, 0.005000, 0.258500, 0.060500, 0.443300
0.008900, 0.070200, 0.005000, 0.259200, 0.060400, 0.444000
0.008900, 0.070100, 0.005000, 0.263800, 0.060400, 0.448600
0.008900, 0.070500, 0.005000, 0.259300, 0.060500, 0.444700
0.008900, 0.070000, 0.004900, 0.268626, 0.060500, 0.453826
0.009100, 0.070100, 0.004900, 0.258700, 0.060200, 0.443700
0.008900, 0.070600, 0.005000, 0.381100, 0.060500, 0.567600
0.009100, 0.790800, 0.005500, 0.280100, 0.061700, 1.190300
0.027300, 0.090000, 0.005100, 0.259200, 0.061900, 0.486500
0.009100, 0.070500, 0.004900, 0.277500, 0.060700, 0.674900
0.009200, 0.070500, 0.005000, 0.259400, 0.060500, 0.445600
0.009200, 0.071200, 0.005000, 0.259300, 0.060600, 0.456126
0.009000, 0.070600, 0.005100, 0.264500, 0.060500, 0.450300
0.009000, 0.070300, 0.005000, 0.259000, 0.060200, 0.444000
0.009000, 0.070100, 0.005000, 0.259200, 0.060600, 0.443900
0.009000, 0.070200, 0.005000, 0.259800, 0.060300, 0.444200
0.009000, 0.070300, 0.005000, 0.259300, 0.060400, 0.444400
0.009000, 0.070700, 0.005000, 0.259000, 0.060300, 0.444000
0.009000, 0.069800, 0.005000, 0.259400, 0.060500, 0.444000
0.009000, 0.070000, 0.004900, 0.269926, 0.060300, 0.454726
0.009000, 0.070200, 0.005000, 0.258800, 0.060400, 0.444000
0.009100, 0.069800, 0.005100, 0.277700, 0.060200, 0.462800
0.015600, 0.077900, 0.005100, 0.260500, 0.067500, 0.468100
0.012600, 0.070600, 0.005000, 0.267100, 0.060700, 0.457600
0.009000, 0.070600, 0.005000, 0.259300, 0.060400, 0.444900
0.008900, 0.070600, 0.005000, 0.259000, 0.060700, 0.444600
0.008900, 0.069800, 0.005000, 0.258200, 0.060200, 0.442200
0.009000, 0.070000, 0.005100, 0.258600, 0.060300, 0.444100
0.009000, 0.070100, 0.005000, 0.269427, 0.060700, 0.454727
0.009000, 0.070200, 0.005000, 0.259200, 0.060300, 0.444200
0.009000, 0.070300, 0.005000, 0.259700, 0.060400, 0.445100
0.009000, 0.070300, 0.005000, 0.258900, 0.060500, 0.443800
0.009100, 0.070100, 0.005000, 0.259900, 0.060400, 0.444900
0.009000, 0.070100, 0.005000, 0.263500, 0.060200, 0.448200
0.009200, 0.070400, 0.005000, 0.259400, 0.060300, 0.444800
0.009000, 0.070000, 0.005000, 0.259700, 0.059800, 0.444000
0.008900, 0.070700, 0.005000, 0.259100, 0.060500, 0.444400
0.009300, 0.070400, 0.005000, 0.259300, 0.066326, 0.450626
0.009000, 0.070300, 0.005000, 0.484300, 0.060300, 0.691700
0.009200, 0.071800, 0.005100, 0.259500, 0.060900, 0.448600
0.009000, 0.070400, 0.005000, 0.260000, 0.060300, 0.445400
0.009000, 0.069900, 0.004900, 0.259000, 0.060500, 0.443900
0.009000, 0.070300, 0.005000, 0.258900, 0.060600, 0.444000
0.008900, 0.070000, 0.005000, 0.264900, 0.060200, 0.449600
0.009200, 0.070500, 0.005000, 0.258900, 0.060600, 0.444000
