0.009100, 0.173700, 0.012800, 0.638200, 0.114800, 0.995000
0.008800, 0.173700, 0.012800, 0.649000, 0.114700, 1.004200
0.008900, 0.177700, 0.012700, 0.623726, 0.114800, 0.983226
0.008900, 0.173300, 0.012800, 0.605200, 0.114900, 0.959800
0.008800, 0.174000, 0.012600, 0.605600, 0.115000, 0.960700
0.008800, 0.173900, 0.012700, 0.605700, 0.114600, 0.960400
0.008800, 0.173300, 0.012700, 0.649127, 0.114600, 1.003627
0.008800, 0.174200, 0.012700, 0.605000, 0.115000, 0.960500
0.008800, 0.173600, 0.012700, 0.751500, 0.114900, 1.107000
0.008800, 0.174200, 0.012800, 0.606400, 0.115400, 0.963300
0.008900, 0.174400, 0.012700, 0.618826, 0.114700, 0.975026
0.008900, 0.173500, 0.012700, 0.610900, 0.114700, 0.966100
0.008800, 0.174300, 0.012700, 0.605600, 0.115100, 0.961200
0.008800, 0.173500, 0.012700, 0.605600, 0.114800, 0.960000
0.008800, 0.173500, 0.012700, 1.188926, 0.114400, 1.544726
0.027600, 0.274300, 0.013500, 0.607600, 0.115500, 1.137400
0.008900, 0.173500, 0.012800, 0.607300, 0.114800, 0.962700
0.008800, 0.173400, 0.012700, 0.606700, 0.114900, 0.961900
0.008800, 0.186526, 0.012800, 0.618800, 0.115000, 0.987026
0.008900, 0.194900, 0.012800, 0.606400, 0.115600, 0.983700
0.009100, 0.174200, 0.012800, 0.611000, 0.114700, 0.967500
0.008700, 0.173300, 0.012700, 0.606400, 0.114800, 0.961100
0.008800, 0.182226, 0.012700, 0.605700, 0.114900, 0.969326
0.008800, 0.174100, 0.012700, 0.606300, 0.131400, 0.978300
0.008800, 0.173500, 0.012700, 0.605300, 0.114900, 0.960100
0.008800, 0.174000, 0.012700, 0.607000, 0.114600, 0.961900
0.008900, 0.184026, 0.012800, 0.605400, 0.114800, 0.970526
0.008900, 0.174100, 0.012800, 0.606100, 0.115000, 0.961900
0.008900, 0.173800, 0.012800, 0.606400, 0.114600, 0.960800
0.008800, 0.173300, 0.012800, 0.606300, 0.114800, 0.960700
0.008900, 0.558427, 0.012800, 0.611500, 0.115600, 1.352627
0.009000, 0.173700, 0.012700, 0.606400, 0.114700, 0.962900
0.008900, 0.173500, 0.012700, 0.605700, 0.115000, 0.960700
0.009000, 0.173800, 0.012700, 0.606400, 0.114900, 0.971226
0.008900, 0.174500, 0.012700, 0.606800, 0.114700, 0.962600
0.009100, 0.173300, 0.012700, 0.607600, 0.114800, 0.962300
0.008800, 0.173800, 0.012700, 0.606000, 0.114700, 0.960900
0.008800, 0.173200, 0.012700, 0.607300, 0.115200, 0.962400
0.008800, 0.182726, 0.012700, 0.607100, 0.114800, 0.971626
0.009000, 0.174500, 0.012700, 0.606700, 0.115200, 0.962400
0.008800, 0.173600, 0.012700, 0.608400, 0.115000, 0.963400
0.008900, 0.174500, 0.012700, 0.606200, 0.114600, 0.961400
0.008800, 0.173900, 0.021326, 0.607600, 0.115400, 0.972326
0.008900, 0.174000, 0.012700, 0.606400, 0.115100, 0.962200
0.008800, 0.173500, 0.012700, 0.606600, 0.115000, 0.961300
0.008800, 0.174200, 0.012900, 0.800200, 0.114600, 1.156500
0.008900, 0.185226, 0.012800, 0.606900, 0.115200, 0.974926
0.008700, 0.173700, 0.012800, 0.607500, 0.114800, 0.963000
0.008800, 0.173400, 0.012700, 0.606300, 0.115100, 0.961000
0.008800, 0.174700, 0.012700, 0.606300, 0.114900, 0.962500
0.008800, 0.173400, 0.012800, 0.610300, 0.124426, 0.974626
0.008800, 0.173900, 0.012700, 0.607600, 0.114600, 0.962300
0.008800, 0.173900, 0.012700, 0.605600, 0.114700, 0.960600
0.008800, 0.174500, 0.012800, 0.606700, 0.114700, 0.962800
0.008800, 0.173700, 0.012800, 0.614327, 0.114600, 0.969127
0.008900, 0.173800, 0.012800, 0.607600, 0.115100, 0.963100
0.008800, 0.173400, 0.012700, 0.607100, 0.114900, 0.961800
0.008900, 0.174200, 0.012700, 0.607500, 0.115000, 0.963700
0.008800, 0.173400, 0.012700, 0.616426, 0.115000, 0.971626
0.008800, 0.174100, 0.012800, 0.606700, 0.114800, 0.962100
0.008800, 0.174100, 0.012700, 0.611800, 0.115200, 0.967900
0.008900, 0.174000, 0.012800, 0.792100, 0.115000, 1.148800
0.008900, 0.173800, 0.012800, 0.620226, 0.114800, 0.976126
0.008800, 0.174300, 0.012800, 0.606900, 0.115000, 0.963100
0.008800, 0.174100, 0.012800, 0.606300, 0.115700, 0.962000
0.008800, 0.173700, 0.012700, 0.616200, 0.115000, 0.971100
0.008800, 0.173800, 0.020600, 0.624626, 0.123600, 0.996726
0.009000, 0.174600, 0.012700, 0.607500, 0.115100, 0.963700
0.008900, 0.174100, 0.012800, 0.606900, 0.115000, 0.962400
0.008900, 0.174000, 0.012800, 0.605500, 0.115000, 0.960900
0.008800, 0.173900, 0.012800, 0.616726, 0.119900, 0.976826
0.008900, 0.174000, 0.012700, 0.606400, 0.115000, 0.961900
0.009200, 0.173600, 0.012800, 0.607500, 0.114500, 0.961700
0.008800, 0.174100, 0.012800, 0.606800, 0.114700, 0.962100
0.008900, 0.174000, 0.012700, 0.784326, 0.115100, 1.140026
0.008900, 0.173900, 0.012700, 0.608700, 0.115300, 0.964900
0.008800, 0.174500, 0.012700, 0.607200, 0.114700, 0.962900
0.008800, 0.175200, 0.012700, 0.607200, 0.276000, 1.125700
0.009000, 0.174000, 0.012700, 0.617727, 0.115000, 0.974027
0.008900, 0.173300, 0.012700, 0.606500, 0.115000, 0.961000
0.009000, 0.177600, 0.012700, 0.606200, 0.115000, 0.965500
0.008800, 0.173600, 0.012700, 0.605900, 0.114700, 0.960500
0.008800, 0.173600, 0.012800, 0.615926, 0.115200, 0.971526
0.008800, 0.174300, 0.012800, 0.606800, 0.114700, 0.962700
0.008900, 0.173100, 0.012800, 0.606600, 0.114900, 0.961400
0.008800, 0.173900, 0.012700, 0.606400, 0.115000, 0.961300
0.008800, 0.174000, 0.012800, 0.616126, 0.114700, 0.971426
0.008800, 0.173800, 0.012700, 0.606600, 0.115100, 0.961700
0.008800, 0.174500, 0.012800, 0.606900, 0.114800, 0.962200
0.008800, 0.174300, 0.012800, 0.639300, 0.115200, 0.995100
0.010800, 0.174300, 0.012800, 0.616426, 0.114800, 0.974126
0.008900, 0.174000, 0.012800, 0.606200, 0.114700, 0.961200
0.008800, 0.174100, 0.012700, 0.606400, 0.115200, 0.962300
0.008800, 0.300800, 0.014600, 0.607100, 0.234200, 1.213200
0.009000, 0.173400, 0.012800, 0.620426, 0.115100, 0.976426
0.008900, 0.174900, 0.012800, 0.618800, 0.114900, 0.975800
0.008900, 0.187500, 0.012800, 0.615400, 0.115100, 0.984900
0.008900, 0.173800, 0.012800, 0.607000, 0.115200, 0.962700
0.008900, 0.173600, 0.012700, 0.617427, 0.114700, 0.972627
0.008900, 0.173500, 0.012700, 0.611900, 0.114900, 0.966800
