0.086900, 0.093800, 0.005400, 0.348000, 0.079700, 0.656100
0.086700, 0.093800, 0.005400, 0.349100, 0.079500, 0.655800
0.086700, 0.094700, 0.005400, 0.348400, 0.079500, 0.656100
0.086700, 0.094400, 0.005300, 0.348000, 0.079600, 0.655000
0.086700, 0.093800, 0.005400, 0.347000, 0.079700, 0.653600
0.086700, 0.094000, 0.005300, 0.371726, 0.079900, 0.681526
0.088100, 0.094800, 0.005500, 0.366526, 0.079400, 0.678126
0.087100, 0.094600, 0.005500, 0.349200, 0.079500, 0.658200
0.086800, 0.093800, 0.005500, 0.351200, 0.079800, 0.658200
0.086900, 0.094300, 0.005400, 0.348900, 0.080200, 0.657600
0.086700, 0.094000, 0.005400, 0.349300, 0.079600, 0.656100
0.086800, 0.094200, 0.005400, 0.349500, 0.079900, 0.656700
0.087000, 0.093700, 0.005400, 0.350900, 0.096626, 0.675926
0.087200, 0.094300, 0.005500, 0.350300, 0.079400, 0.658500
0.086700, 0.094000, 0.005400, 0.349300, 0.079400, 0.656000
0.086700, 0.093800, 0.005500, 0.354500, 0.079700, 0.661400
0.086800, 0.093800, 0.005400, 0.350200, 0.079700, 0.657000
0.086700, 0.124526, 0.005400, 0.349400, 0.080300, 0.687726
0.086900, 0.094300, 0.005300, 0.349500, 0.079700, 0.656600
0.086700, 0.094400, 0.005500, 0.349700, 0.079900, 0.657200
0.086800, 0.093900, 0.005300, 0.348800, 0.079700, 0.655700
0.086700, 0.093800, 0.005300, 0.348900, 0.079600, 0.655400
0.086800, 0.094000, 0.005400, 0.769627, 0.079600, 1.076727
0.087400, 0.094400, 0.005500, 0.349000, 0.079700, 0.658200
0.086800, 0.094500, 0.005500, 0.349400, 0.079600, 0.657100
0.086800, 0.094000, 0.005400, 0.348800, 0.079900, 0.656000
0.086700, 0.093700, 0.005500, 0.349000, 0.080300, 0.656100
0.086700, 0.094000, 0.005400, 0.349500, 0.079500, 0.656500
0.086900, 0.094100, 0.005400, 0.360726, 0.079200, 0.667626
0.087100, 0.094200, 0.005400, 0.349900, 0.079700, 0.657500
0.086800, 0.094400, 0.005400, 0.349100, 0.084300, 0.661200
0.086800, 0.093900, 0.005400, 0.349300, 0.079900, 0.656400
0.086800, 0.093900, 0.005400, 0.349000, 0.079700, 0.655700
0.086700, 0.093900, 0.005600, 0.348800, 0.079600, 0.655600
0.086700, 0.093900, 0.005500, 0.362526, 0.079400, 0.669626
0.086800, 0.093700, 0.005400, 0.349700, 0.080100, 0.656700
0.086700, 0.093900, 0.005400, 0.347700, 0.079600, 0.654400
0.086700, 0.094100, 0.005400, 0.349400, 0.079700, 0.656400
0.086700, 0.094600, 0.005400, 0.348400, 0.079700, 0.655800
0.086800, 0.093800, 0.005400, 0.349200, 0.079400, 0.655500
0.086700, 0.094300, 0.005400, 0.359026, 0.079600, 0.666026
0.086700, 0.093900, 0.005400, 0.349300, 0.079900, 0.656900
0.086900, 0.093600, 0.005400, 0.348800, 0.079500, 0.655000
0.086700, 0.094100, 0.005400, 0.348300, 0.079700, 0.655100
0.086700, 0.094400, 0.005500, 0.348500, 0.079800, 0.655600
0.086700, 0.093500, 0.005400, 0.484600, 0.084100, 0.796400
0.086800, 0.095300, 0.005300, 0.349500, 0.091726, 0.670826
0.086900, 0.093800, 0.005500, 0.349300, 0.079900, 0.656600
0.086800, 0.094500, 0.005400, 0.348900, 0.080200, 0.656600
0.086700, 0.093800, 0.005400, 0.349100, 0.079500, 0.655300
0.086800, 0.093800, 0.005500, 0.349900, 0.079900, 0.656600
0.086700, 0.093900, 0.005400, 0.358800, 0.079600, 0.666100
0.093400, 0.094300, 0.005500, 0.349300, 0.087726, 0.678226
0.086800, 0.101200, 0.005500, 0.349600, 0.080300, 0.664800
0.087200, 0.093900, 0.005400, 0.348900, 0.080000, 0.656100
0.086700, 0.093900, 0.005400, 0.348100, 0.080000, 0.654800
0.086800, 0.093900, 0.005400, 0.348900, 0.079700, 0.655300
0.086700, 0.094000, 0.005400, 0.349900, 0.079800, 0.657000
0.086800, 0.093800, 0.005300, 0.409000, 0.089726, 0.725826
0.086800, 0.093900, 0.005300, 0.349400, 0.079700, 0.656000
0.091000, 0.094000, 0.005400, 0.348200, 0.079800, 0.659200
0.086700, 0.093900, 0.005300, 0.348800, 0.079700, 0.655800
0.086800, 0.093800, 0.005400, 0.348900, 0.079600, 0.655800
0.086700, 0.093400, 0.005400, 0.348900, 0.079900, 0.655600
0.086800, 0.094100, 0.010226, 0.442000, 0.080500, 0.755226
0.117500, 0.124600, 0.005400, 0.350600, 0.079700, 0.719300
0.086800, 0.094100, 0.005400, 0.350200, 0.079900, 0.657700
0.086700, 0.094100, 0.005400, 0.349100, 0.079700, 0.656000
0.086800, 0.093600, 0.005300, 0.422100, 0.169100, 0.820500
0.086800, 0.093700, 0.005400, 0.362326, 0.080100, 0.687026
0.100100, 0.093900, 0.005400, 0.349000, 0.079100, 0.669400
0.086800, 0.094100, 0.005400, 0.349100, 0.080000, 0.656600
0.087100, 0.094300, 0.005400, 0.347200, 0.080200, 0.655400
0.086800, 0.093400, 0.005400, 0.350400, 0.079400, 0.657000
0.086800, 0.094400, 0.005500, 0.353600, 0.080200, 0.661600
0.086700, 0.094100, 0.005400, 0.360127, 0.079800, 0.667027
0.134000, 0.094000, 0.005500, 0.348000, 0.079600, 0.724300
0.086800, 0.094300, 0.005400, 0.349400, 0.079800, 0.656800
0.086900, 0.093800, 0.005400, 0.349200, 0.079600, 0.655800
0.086800, 0.094500, 0.005400, 0.413600, 0.080000, 0.728600
0.086800, 0.094000, 0.005300, 0.349800, 0.079700, 0.656700
0.086800, 0.094400, 0.005300, 0.405126, 0.079800, 0.727526
0.086800, 0.094200, 0.005400, 0.348800, 0.079600, 0.655900
0.086700, 0.094300, 0.005400, 0.349600, 0.079900, 0.657000
0.086800, 0.093900, 0.005400, 0.349000, 0.079900, 0.655900
0.086800, 0.094000, 0.005300, 0.348600, 0.079700, 0.656000
0.086700, 0.094400, 0.005400, 0.348500, 0.080000, 0.656300
0.086800, 0.093700, 0.005400, 0.358626, 0.079500, 0.666026
0.086900, 0.094100, 0.005400, 0.348700, 0.080100, 0.657100
0.086800, 0.093700, 0.005400, 0.353700, 0.079700, 0.660500
0.152600, 0.093800, 0.005400, 0.347900, 0.080200, 0.721200
0.086800, 0.485500, 0.021500, 0.349800, 0.114600, 1.100600
0.087000, 0.093700, 0.005400, 0.360026, 0.079700, 0.668326
0.087000, 0.094200, 0.005300, 0.347900, 0.079900, 0.655800
0.086700, 0.093800, 0.005400, 0.348700, 0.079700, 0.655700
0.086800, 0.093800, 0.005400, 0.348800, 0.079600, 0.655500
0.086800, 0.094100, 0.005300, 0.348500, 0.079300, 0.655200
0.086700, 0.094100, 0.005500, 0.348300, 0.079700, 0.655500
0.086800, 0.093400, 0.005400, 0.360726, 0.080000, 0.668026
0.086700, 0.093400, 0.005500, 0.348100, 0.079700, 0.654600
