0.096500, 0.083400, 0.006800, 0.297000, 0.064500, 0.592900
0.086900, 0.091100, 0.006500, 0.306300, 0.065500, 0.605700
0.086700, 0.082600, 0.006500, 0.327700, 0.074226, 0.621226
0.087200, 0.083100, 0.006400, 0.296600, 0.064400, 0.580300
0.086800, 0.082700, 0.006400, 0.296700, 0.064900, 0.579900
0.087100, 0.082400, 0.006500, 0.297800, 0.064700, 0.580600
0.087000, 0.082300, 0.006500, 0.296800, 0.064500, 0.579800
0.086800, 0.081900, 0.006400, 0.505400, 0.064500, 0.788900
0.088700, 0.084000, 0.006600, 0.316226, 0.065800, 0.605626
0.088800, 0.084100, 0.006500, 0.302500, 0.065700, 0.590700
0.088600, 0.084500, 0.006600, 0.329300, 0.065700, 0.619600
0.088600, 0.084600, 0.006600, 0.334300, 0.065700, 0.624300
0.088700, 0.084600, 0.006700, 0.304300, 0.066400, 0.594500
0.088500, 0.083900, 0.006600, 0.303600, 0.066000, 0.592200
0.088500, 0.083600, 0.006600, 0.305700, 0.065800, 0.593800
0.089000, 0.084000, 0.007200, 0.303800, 0.078126, 0.605726
0.088600, 0.084500, 0.006700, 0.303500, 0.065900, 0.592400
0.088900, 0.084300, 0.006600, 0.303600, 0.065400, 0.592100
0.088600, 0.084100, 0.006600, 0.303600, 0.065300, 0.592100
0.089000, 0.084300, 0.006500, 0.302600, 0.065400, 0.591200
0.088700, 0.084300, 0.007100, 0.303300, 0.066500, 0.593800
0.088600, 0.084000, 0.006600, 0.303900, 0.065700, 0.592100
0.099726, 0.084000, 0.006600, 0.302300, 0.065700, 0.601526
0.088500, 0.084200, 0.006500, 0.302400, 0.066000, 0.591000
0.088500, 0.084000, 0.006500, 0.303300, 0.065700, 0.591400
0.088600, 0.084300, 0.006700, 0.303000, 0.065800, 0.591400
0.088700, 0.084500, 0.006500, 0.302600, 0.066000, 0.592000
0.088700, 0.084400, 0.006600, 0.303300, 0.065300, 0.591800
0.093000, 0.084400, 0.006900, 0.316826, 0.065800, 0.611626
0.088700, 0.083900, 0.006600, 0.302800, 0.065500, 0.590800
0.088500, 0.093100, 0.006600, 0.311700, 0.074200, 0.625100
0.089100, 0.083800, 0.006600, 0.303700, 0.065600, 0.593400
0.091900, 0.084400, 0.006600, 0.304200, 0.065800, 0.598600
0.175500, 0.085700, 0.006500, 0.304000, 0.066900, 0.683800
0.088600, 0.084200, 0.006500, 0.302100, 0.065700, 0.592100
0.099626, 0.084100, 0.006600, 0.303900, 0.065600, 0.603926
0.088700, 0.084100, 0.006500, 0.328800, 0.065700, 0.618000
0.088900, 0.085200, 0.006600, 0.303200, 0.065800, 0.593900
0.088600, 0.084500, 0.006700, 0.303200, 0.065800, 0.592200
0.088500, 0.084100, 0.006600, 0.364400, 0.087700, 0.675800
0.144200, 0.085900, 0.006600, 0.305100, 0.085400, 0.672300
0.131200, 0.636526, 0.006900, 0.534900, 0.127000, 1.532926
0.087000, 0.191800, 0.006600, 0.434800, 0.067300, 0.845000
0.087100, 0.082200, 0.006500, 0.296600, 0.068400, 0.584800
0.086700, 0.082300, 0.006400, 0.296300, 0.064400, 0.578700
0.086700, 0.082200, 0.006500, 0.296900, 0.064400, 0.579000
0.097426, 0.116400, 0.006500, 0.295900, 0.064300, 0.623226
0.086700, 0.082400, 0.006400, 0.296900, 0.064400, 0.579200
0.086700, 0.082600, 0.006500, 0.296600, 0.064200, 0.579300
0.086900, 0.082100, 0.006400, 0.296400, 0.064500, 0.578600
0.086800, 0.082200, 0.006400, 0.296100, 0.064300, 0.577700
0.086700, 0.082300, 0.006300, 0.296300, 0.064600, 0.578700
0.086700, 0.082700, 0.006400, 0.324326, 0.064300, 0.607426
0.086800, 0.082400, 0.006500, 0.296000, 0.064100, 0.593700
0.086600, 0.082500, 0.006500, 0.295300, 0.064400, 0.578300
0.086600, 0.081900, 0.006500, 0.297000, 0.064400, 0.578900
0.086800, 0.082300, 0.006500, 0.389700, 0.064300, 0.672800
0.086900, 0.083400, 0.006500, 0.297500, 0.064700, 0.582300
0.086700, 0.083000, 0.006500, 0.296700, 0.064300, 0.579600
0.086800, 0.086600, 0.006500, 0.337526, 0.064200, 0.624326
0.086800, 0.082200, 0.006500, 0.296300, 0.064800, 0.578700
0.086900, 0.082400, 0.006400, 0.296700, 0.064100, 0.578700
0.086700, 0.082100, 0.006400, 0.297000, 0.064400, 0.578600
0.086700, 0.082000, 0.006500, 0.297300, 0.064100, 0.579100
0.086700, 0.082000, 0.006500, 0.296400, 0.064500, 0.578900
0.086700, 0.082100, 0.006500, 0.296400, 0.064500, 0.578900
0.086800, 0.090927, 0.023400, 0.296400, 0.080000, 0.620227
0.086800, 0.082100, 0.006400, 0.296700, 0.064400, 0.578700
0.086800, 0.082200, 0.006400, 0.296500, 0.064300, 0.578500
0.086800, 0.082300, 0.006500, 0.296800, 0.064400, 0.578900
0.086700, 0.082900, 0.006500, 0.296700, 0.064400, 0.579500
0.086800, 0.082200, 0.006500, 0.296800, 0.064500, 0.579000
0.086800, 0.082300, 0.006500, 0.296900, 0.064600, 0.579800
0.127826, 0.082500, 0.006500, 0.330300, 0.064600, 0.654026
0.086700, 0.082300, 0.006500, 0.296900, 0.064400, 0.579100
0.090600, 0.082000, 0.006500, 0.297000, 0.064000, 0.583100
0.086700, 0.082100, 0.006400, 0.297100, 0.064400, 0.579200
0.086800, 0.081900, 0.006400, 0.296500, 0.064200, 0.578400
0.086700, 0.082400, 0.006500, 0.295900, 0.064000, 0.578300
0.086700, 0.082300, 0.006400, 0.325626, 0.064300, 0.607526
0.131100, 0.084200, 0.006500, 0.296300, 0.065000, 0.627900
0.086800, 0.082300, 0.006400, 0.296600, 0.064300, 0.579700
0.086800, 0.082600, 0.006500, 0.296300, 0.064400, 0.579100
0.219600, 0.085800, 0.006700, 0.488800, 0.067400, 0.913300
0.090200, 0.086500, 0.007300, 0.361200, 0.066900, 0.660100
0.086900, 0.082700, 0.006500, 0.342226, 0.064400, 0.626226
0.086800, 0.083000, 0.006400, 0.297000, 0.064400, 0.580200
0.086800, 0.082100, 0.006500, 0.296600, 0.064300, 0.578800
0.086700, 0.082200, 0.006500, 0.296900, 0.064200, 0.579100
0.086800, 0.082000, 0.006500, 0.296400, 0.064300, 0.578300
0.086700, 0.082100, 0.006500, 0.301800, 0.064300, 0.584400
0.086900, 0.082600, 0.006500, 0.296600, 0.064400, 0.579200
0.086700, 0.082300, 0.006500, 0.339426, 0.064100, 0.622426
0.086800, 0.082200, 0.006500, 0.296100, 0.064500, 0.578400
0.086700, 0.082300, 0.006400, 0.296000, 0.064500, 0.578600
0.086700, 0.082200, 0.006500, 0.296400, 0.064200, 0.578300
0.086800, 0.082300, 0.006400, 0.296800, 0.064300, 0.578800
0.086700, 0.081900, 0.006500, 0.316000, 0.064200, 0.597600
0.088500, 0.083900, 0.006500, 0.303100, 0.065700, 0.591200
0.088500, 0.096026, 0.006700, 0.302900, 0.066000, 0.603626
