0.009200, 0.071000, 0.006000, 0.221400, 0.049300, 0.399400
0.009100, 0.060900, 0.005900, 0.222000, 0.049100, 0.388700
0.009000, 0.061100, 0.007700, 0.221900, 0.050900, 0.586900
0.009100, 0.061300, 0.006000, 0.221300, 0.049000, 0.389000
0.009000, 0.065800, 0.006200, 0.220700, 0.049100, 0.393000
0.009000, 0.060900, 0.006000, 0.220900, 0.048900, 0.387200
0.009000, 0.061000, 0.005900, 0.251326, 0.117100, 0.489426
0.009200, 0.062000, 0.006100, 0.223000, 0.049300, 0.394100
0.009000, 0.061200, 0.006000, 0.221800, 0.048900, 0.389000
0.008900, 0.061100, 0.006000, 0.222000, 0.049300, 0.389300
0.009000, 0.060900, 0.006000, 0.221500, 0.049100, 0.387700
0.009000, 0.061100, 0.005900, 0.220900, 0.048800, 0.387200
0.009000, 0.061200, 0.006000, 0.221700, 0.049000, 0.388800
0.009000, 0.060900, 0.006000, 0.221300, 0.049000, 0.387800
0.009100, 0.061200, 0.006000, 0.221200, 0.049100, 0.387900
0.009000, 0.060900, 0.006000, 0.221100, 0.049000, 0.387500
0.009100, 0.061000, 0.006000, 0.246826, 0.048900, 0.414526
0.009200, 0.061700, 0.006300, 0.273000, 0.049100, 0.443900
0.009100, 0.062000, 0.006000, 0.221900, 0.049200, 0.390300
0.009000, 0.061500, 0.006000, 0.221100, 0.048900, 0.388500
0.009000, 0.060800, 0.006000, 0.477500, 0.048800, 0.645000
0.009100, 0.061400, 0.006000, 0.221800, 0.049300, 0.390200
0.009000, 0.061000, 0.006000, 0.221100, 0.049000, 0.388200
0.009000, 0.061500, 0.006000, 0.221600, 0.049100, 0.388800
0.009100, 0.061500, 0.006000, 0.244600, 0.048900, 0.413600
0.009300, 0.062400, 0.006200, 0.222600, 0.049000, 0.402700
0.009100, 0.061000, 0.006000, 0.221800, 0.049000, 0.388400
0.009000, 0.061300, 0.006000, 0.220900, 0.048700, 0.387600
0.009000, 0.061100, 0.006000, 0.221300, 0.049100, 0.388200
0.009000, 0.061300, 0.006000, 0.221800, 0.049100, 0.388800
0.008900, 0.061100, 0.006000, 0.221300, 0.048800, 0.387800
0.009000, 0.061400, 0.006000, 0.221800, 0.048900, 0.389000
0.009000, 0.061000, 0.006300, 0.221800, 0.049400, 0.388500
0.009000, 0.061000, 0.006000, 0.220600, 0.049100, 0.387100
0.008900, 0.061000, 0.006000, 0.245426, 0.049200, 0.413726
0.009100, 0.062500, 0.006300, 0.226900, 0.048900, 0.397900
0.009000, 0.061200, 0.006000, 0.222100, 0.048800, 0.389400
0.009000, 0.061200, 0.006000, 0.348000, 0.049300, 0.516700
0.009000, 0.061500, 0.006100, 0.222500, 0.049300, 0.390600
0.009000, 0.060900, 0.005900, 0.221400, 0.048900, 0.387700
0.009000, 0.061700, 0.006100, 0.221800, 0.049200, 0.389100
0.008900, 0.061300, 0.006000, 0.220800, 0.048700, 0.387000
0.009200, 0.061200, 0.006000, 0.222300, 0.049000, 0.389100
0.009000, 0.060800, 0.006100, 0.221200, 0.049000, 0.388000
0.009000, 0.060800, 0.006000, 0.243426, 0.048900, 0.410426
0.009200, 0.075300, 0.005900, 0.217800, 0.048100, 0.399600
0.008800, 0.060000, 0.005900, 0.217300, 0.048200, 0.381700
0.008800, 0.060300, 0.005900, 0.217200, 0.048100, 0.381200
0.008900, 0.059800, 0.005800, 0.217600, 0.048000, 0.381000
0.008800, 0.059700, 0.005800, 0.217300, 0.048100, 0.380400
0.008800, 0.073927, 0.006300, 0.217100, 0.048200, 0.395227
0.008800, 0.060200, 0.005800, 0.217400, 0.048000, 0.381400
0.008800, 0.060100, 0.005900, 0.216700, 0.048100, 0.380700
0.008800, 0.060100, 0.005800, 0.216500, 0.048100, 0.380100
0.008700, 0.059700, 0.005900, 0.216900, 0.047900, 0.380400
0.008800, 0.059400, 0.005800, 0.221100, 0.047800, 0.384000
0.008800, 0.059900, 0.005800, 0.217100, 0.048100, 0.380400
0.008700, 0.059900, 0.006100, 0.217200, 0.048300, 0.380600
0.008800, 0.059900, 0.005800, 0.216800, 0.047700, 0.379500
0.008700, 0.059700, 0.005900, 0.217100, 0.047900, 0.380000
0.008700, 0.060100, 0.005900, 0.227726, 0.048100, 0.391226
0.008900, 0.060100, 0.005800, 0.217200, 0.047600, 0.380500
0.008800, 0.059900, 0.005800, 0.216500, 0.047800, 0.379500
0.008800, 0.060000, 0.005800, 0.217000, 0.047800, 0.380200
0.008700, 0.060200, 0.005800, 0.216700, 0.047600, 0.379900
0.008700, 0.059800, 0.005900, 0.217300, 0.048000, 0.380600
0.008800, 0.060100, 0.005800, 0.216000, 0.048000, 0.379600
0.008800, 0.060000, 0.005800, 0.216400, 0.048000, 0.379600
0.008800, 0.059500, 0.005800, 0.217200, 0.048000, 0.380300
0.008800, 0.059500, 0.005900, 0.216900, 0.048200, 0.380000
0.008800, 0.059900, 0.005800, 0.234226, 0.047900, 0.397726
0.008700, 0.060400, 0.005900, 0.216100, 0.048000, 0.380000
0.008700, 0.060100, 0.005900, 0.217300, 0.048000, 0.439500
0.009300, 0.062300, 0.005900, 0.217000, 0.048300, 0.414600
0.008800, 0.059900, 0.005900, 0.216100, 0.048100, 0.379600
0.008800, 0.060000, 0.005900, 0.216400, 0.048000, 0.379900
0.008900, 0.060000, 0.005900, 0.216500, 0.048000, 0.379800
0.008800, 0.060200, 0.005900, 0.216600, 0.047800, 0.380000
0.008800, 0.059800, 0.005900, 0.217200, 0.048100, 0.380700
0.008800, 0.060000, 0.005800, 0.216800, 0.047900, 0.379900
0.008800, 0.060200, 0.005800, 0.233126, 0.048100, 0.396826
0.008800, 0.059700, 0.005900, 0.217500, 0.048000, 0.380500
0.008700, 0.060000, 0.005800, 0.216700, 0.047900, 0.379800
0.008800, 0.060000, 0.005800, 0.216800, 0.047800, 0.379900
0.008800, 0.060100, 0.005900, 0.217000, 0.048200, 0.380900
0.008700, 0.060000, 0.005900, 0.217100, 0.048000, 0.380500
0.008700, 0.059800, 0.005900, 0.217400, 0.048000, 0.380300
0.008800, 0.059800, 0.005800, 0.216600, 0.047900, 0.379800
0.008900, 0.059800, 0.005800, 0.216900, 0.048100, 0.380100
0.008800, 0.060300, 0.005900, 0.216200, 0.048000, 0.379900
0.008800, 0.059600, 0.005900, 0.217100, 0.047600, 0.379600
0.008700, 0.069926, 0.005800, 0.217400, 0.048600, 0.391626
0.008800, 0.060300, 0.005800, 0.216200, 0.048100, 0.380300
0.008900, 0.060300, 0.005800, 0.216900, 0.048000, 0.380200
0.008700, 0.060300, 0.005900, 0.217200, 0.048000, 0.380800
0.008800, 0.060000, 0.005900, 0.217100, 0.047800, 0.380100
0.008700, 0.059900, 0.005800, 0.216500, 0.047900, 0.379600
0.008800, 0.060000, 0.005800, 0.217300, 0.048300, 0.381100
0.008800, 0.060000, 0.005800, 0.216400, 0.047800, 0.379300
0.008700, 0.059800, 0.005800, 0.216000, 0.048100, 0.379200
