0.681000, 0.123000, 0.005900, 0.433600, 0.098300, 1.385400
0.680900, 0.121600, 0.005900, 0.433300, 0.098600, 1.382500
0.693228, 0.119500, 0.005900, 0.433800, 0.098400, 1.393228
0.680800, 0.124400, 0.006000, 0.434000, 0.098100, 1.385800
0.680800, 0.123000, 0.005900, 0.432200, 0.098500, 1.382900
0.680800, 0.120900, 0.005800, 0.433200, 0.098700, 1.391129
0.680900, 0.120600, 0.005800, 0.433500, 0.098700, 1.382200
0.714700, 0.121900, 0.005800, 0.449328, 0.098900, 1.514628
0.686600, 0.116000, 0.005800, 0.433300, 0.098500, 1.383700
0.681000, 0.120500, 0.005700, 0.433900, 0.098400, 1.382000
0.680900, 0.121400, 0.005800, 0.433500, 0.107128, 1.391028
0.680600, 0.122500, 0.005700, 0.433900, 0.098500, 1.383500
0.681000, 0.120700, 0.006000, 0.433500, 0.098400, 1.381700
0.681000, 0.129829, 0.005800, 0.434200, 0.098500, 1.391829
0.686000, 0.115100, 0.005700, 0.432700, 0.098500, 1.379900
0.681100, 0.120800, 0.005700, 0.445200, 0.098400, 1.393400
0.676028, 0.113100, 0.005700, 0.425800, 0.096700, 1.358528
0.666900, 0.118400, 0.005700, 0.424900, 0.096300, 1.353600
3.728333, 0.291100, 0.007100, 4.002041, 0.251100, 8.404674
3.366021, 2.738823, 0.007300, 2.217900, 0.140600, 8.526544
0.704100, 0.132124, 0.005800, 0.435300, 0.099100, 1.424624
0.699300, 0.121000, 0.006400, 0.433700, 0.098600, 1.402700
0.683100, 0.121100, 0.006100, 0.435300, 0.098700, 1.387300
0.694528, 0.115300, 0.005900, 0.434000, 0.098400, 1.390428
0.681300, 0.125500, 0.005800, 0.504100, 0.098400, 1.458900
0.706600, 0.121000, 0.005900, 0.512829, 0.339800, 1.749329
0.682000, 0.121200, 0.005900, 0.434800, 0.098500, 1.385500
0.681200, 0.234800, 0.022200, 0.434400, 0.258700, 1.710100
0.682200, 0.136828, 0.006000, 0.434000, 0.098900, 1.400828
0.681900, 0.212200, 0.005800, 0.435600, 0.562300, 1.941700
0.683700, 0.120500, 0.006100, 0.434900, 0.098600, 1.387600
0.962728, 0.116900, 0.005900, 0.434200, 0.099000, 1.661628
0.681800, 0.120900, 0.006100, 0.434700, 0.098600, 1.385000
0.900900, 0.219029, 0.005900, 2.371600, 0.099600, 3.640729
0.715000, 0.142300, 0.006100, 0.456300, 0.100000, 2.469900
0.692800, 0.121000, 0.005900, 0.434500, 0.098300, 1.396200
0.682700, 0.389829, 0.006400, 0.434400, 0.116900, 1.674629
0.810400, 0.160900, 0.005900, 0.872100, 0.192700, 2.087500
1.121400, 0.132428, 0.005800, 0.437500, 0.099500, 1.872628
0.689300, 0.120800, 0.005700, 0.683500, 0.098600, 1.642700
0.787900, 0.249200, 0.006100, 0.454000, 0.134800, 1.678000
0.692900, 0.121300, 0.005900, 0.434000, 0.098700, 1.411128
1.662300, 0.120700, 0.006100, 0.436200, 0.099500, 2.370600
0.723629, 0.116300, 0.006100, 1.136100, 0.099000, 2.125729
0.697600, 0.121400, 0.005900, 0.433800, 0.098400, 1.401500
0.700928, 0.144700, 0.006200, 0.763200, 0.166000, 1.825228
0.939700, 0.138700, 0.005900, 0.434200, 0.098500, 1.677900
0.689000, 0.255100, 0.005800, 0.436000, 0.290729, 1.738729
0.693300, 0.116000, 0.005900, 0.434500, 0.099500, 1.393000
0.684200, 0.391900, 0.043900, 0.788628, 0.266900, 2.244128
1.353600, 0.271300, 0.005900, 0.925600, 0.197500, 2.857500
1.199128, 0.115600, 0.005800, 0.908700, 0.145300, 2.459028
1.339800, 0.265200, 0.005900, 0.696728, 0.246100, 2.643628
1.506100, 0.126300, 0.006600, 0.436500, 0.100000, 2.265900
0.865400, 0.243000, 0.006000, 0.609229, 0.099200, 1.871029
1.331000, 0.119800, 0.006100, 0.458400, 0.100900, 2.116900
0.834100, 0.119400, 0.005700, 0.471128, 0.097300, 1.571428
0.669500, 0.119200, 0.005700, 0.425500, 0.096700, 1.359000
0.668800, 0.118700, 0.005700, 0.426300, 0.096900, 1.358200
0.667500, 0.118900, 0.005600, 0.436328, 0.096400, 1.366928
0.667100, 0.121500, 0.005700, 0.425600, 0.096500, 1.358200
0.667000, 0.123500, 0.005800, 0.424800, 0.097000, 1.360100
0.667200, 0.118700, 0.005700, 0.549029, 0.096700, 1.480229
0.667700, 0.119300, 0.005700, 0.425200, 0.097200, 1.357500
0.667600, 0.119200, 0.005700, 0.425000, 0.096900, 1.356100
0.693800, 0.147328, 0.007700, 0.454629, 0.103600, 1.456157
0.708200, 0.121400, 0.005900, 0.435000, 0.099100, 1.417400
0.698600, 0.121100, 0.005800, 0.435600, 0.099000, 1.404400
0.706000, 0.116800, 0.006000, 0.434800, 0.098600, 1.406300
0.686200, 0.122000, 0.005900, 0.434400, 0.098500, 1.390900
0.681800, 0.236700, 0.006500, 0.435900, 0.135828, 1.541528
0.682900, 0.121500, 0.006000, 0.435000, 0.098500, 1.387800
0.682400, 0.121900, 0.005800, 0.433300, 0.098400, 1.384800
0.692429, 0.115800, 0.005800, 0.434400, 0.098200, 1.392929
0.681000, 0.121200, 0.005900, 0.433400, 0.098700, 1.383000
0.681200, 0.121500, 0.005800, 0.433500, 0.098300, 1.383100
0.692228, 0.114900, 0.005800, 0.434300, 0.098300, 1.388128
0.681000, 0.121100, 0.005900, 0.437400, 0.098500, 1.386300
0.680700, 0.120600, 0.005700, 0.433300, 0.098500, 1.381300
0.691428, 0.115200, 0.005800, 0.433600, 0.098900, 1.386828
0.680900, 0.120500, 0.005700, 0.433100, 0.098700, 1.381500
0.680800, 0.120600, 0.005800, 0.446129, 0.199000, 1.496129
0.681000, 0.120900, 0.005900, 0.439100, 0.098300, 1.388100
0.680900, 0.121500, 0.005700, 0.432900, 0.098700, 1.383000
0.681300, 0.120900, 0.005800, 0.443128, 0.098500, 1.392528
0.681000, 0.124100, 0.005800, 0.433900, 0.098400, 1.385700
0.681100, 0.122700, 0.005800, 0.433100, 0.098400, 1.383700
0.680800, 0.121100, 0.005800, 0.449828, 0.098600, 1.398728
0.680900, 0.120400, 0.005800, 0.453800, 0.098400, 1.402100
0.681700, 0.121000, 0.005700, 0.433500, 0.098200, 1.383000
0.680900, 0.130329, 0.005800, 0.433300, 0.098700, 1.391329
0.681000, 0.120600, 0.005700, 0.433900, 0.098500, 1.383000
0.681000, 0.120700, 0.005700, 0.592800, 0.098500, 1.542000
0.697528, 0.116000, 0.005800, 0.434100, 0.098600, 1.394728
0.682100, 0.122200, 0.005700, 0.434200, 0.098400, 1.385300
0.681000, 0.121100, 0.005800, 0.433000, 0.098300, 1.381500
0.691128, 0.115400, 0.005800, 0.433400, 0.098600, 1.386828
0.681000, 0.120700, 0.005800, 0.438500, 0.098500, 1.387400
0.680900, 0.122900, 0.005800, 0.433400, 0.098300, 1.384100
0.681200, 0.120900, 0.005800, 0.433600, 0.098300, 1.390429
