0.009000, 0.121400, 0.012300, 0.424600, 0.080900, 0.696900
0.008900, 0.120300, 0.012300, 0.424300, 0.080100, 0.692300
0.009000, 0.119500, 0.012100, 0.423700, 0.080400, 0.690200
0.008800, 0.120300, 0.012200, 0.423900, 0.080500, 0.691900
0.008800, 0.120100, 0.012200, 0.428300, 0.080700, 0.696500
0.008800, 0.119900, 0.012500, 0.434826, 0.080400, 0.702826
0.008800, 0.120100, 0.012200, 0.423600, 0.080400, 0.691800
0.016000, 0.120800, 0.012200, 0.438400, 0.080300, 0.713900
0.008900, 0.119600, 0.012100, 0.433200, 0.080300, 0.700400
0.008800, 0.119800, 0.012300, 0.423200, 0.080200, 0.691300
0.008800, 0.120800, 0.012100, 0.424500, 0.080200, 0.692900
0.008800, 0.129126, 0.012200, 0.424500, 0.080400, 0.701926
0.008900, 0.120000, 0.012200, 0.424600, 0.080300, 0.692500
0.008800, 0.119900, 0.012100, 0.476700, 0.080600, 0.744400
0.008800, 0.121000, 0.012200, 0.423900, 0.080200, 0.692100
0.008800, 0.120000, 0.012200, 0.423600, 0.080300, 0.691100
0.008900, 0.120100, 0.012200, 0.433827, 0.080300, 0.701327
0.008900, 0.120300, 0.012300, 0.425200, 0.080300, 0.693100
0.008800, 0.120100, 0.012200, 0.429200, 0.080500, 0.696500
0.008800, 0.119700, 0.012100, 0.424500, 0.080400, 0.691800
0.008900, 0.119900, 0.012200, 0.423800, 0.080500, 0.691700
0.008800, 0.120400, 0.012100, 0.537200, 0.080400, 0.805800
0.008900, 0.120000, 0.012200, 0.424500, 0.091426, 0.704826
0.008900, 0.129000, 0.012100, 0.454300, 0.080400, 0.731100
0.008800, 0.120000, 0.012300, 0.432200, 0.080300, 0.700000
0.008800, 0.120500, 0.012200, 0.424000, 0.080100, 0.691600
0.008800, 0.120300, 0.012200, 0.423600, 0.080300, 0.691600
0.008800, 0.120500, 0.012200, 0.435926, 0.080500, 0.703926
0.008900, 0.119900, 0.012200, 0.424500, 0.080400, 0.692000
0.008900, 0.120100, 0.012200, 0.423800, 0.080600, 0.692100
0.008800, 0.120000, 0.012200, 0.424600, 0.080200, 0.692500
0.008700, 0.119700, 0.012200, 0.423500, 0.080100, 0.690400
0.008900, 0.119700, 0.012100, 0.430100, 0.080300, 0.697400
0.008900, 0.120300, 0.012200, 0.434226, 0.080200, 0.701726
0.008700, 0.120100, 0.012200, 0.424100, 0.080300, 0.691600
0.008800, 0.119800, 0.012200, 0.423600, 0.080600, 0.691300
0.008900, 0.120200, 0.012100, 0.424700, 0.080100, 0.692500
0.008800, 0.120500, 0.012200, 0.424700, 0.080600, 0.693100
0.008900, 0.119700, 0.012300, 0.424100, 0.080700, 0.691900
0.008800, 0.120300, 0.012200, 0.424700, 0.092526, 0.705026
0.008800, 0.120200, 0.012200, 0.424800, 0.080300, 0.692400
0.008900, 0.120400, 0.012200, 0.424700, 0.080300, 0.692500
0.008800, 0.119900, 0.012300, 0.425500, 0.080300, 0.693300
0.009000, 0.120500, 0.012200, 0.534400, 0.080300, 0.803300
0.009000, 0.120600, 0.012300, 0.435926, 0.080600, 0.705426
0.008800, 0.120100, 0.012300, 0.424300, 0.080300, 0.692200
0.008800, 0.120300, 0.012200, 0.423700, 0.085400, 0.697100
0.009000, 0.120400, 0.012100, 0.424100, 0.080300, 0.692400
0.008800, 0.120100, 0.012400, 0.424300, 0.080200, 0.692100
0.008800, 0.120800, 0.012300, 0.423900, 0.080400, 0.692000
0.008900, 0.120200, 0.012300, 0.435127, 0.080200, 0.703127
0.008900, 0.119800, 0.012200, 0.423500, 0.080300, 0.691000
0.008800, 0.120500, 0.012200, 0.424500, 0.080500, 0.692600
0.008900, 0.120800, 0.012600, 0.423800, 0.080400, 0.692800
0.009000, 0.119400, 0.012200, 0.425300, 0.080500, 0.692600
0.008900, 0.120100, 0.012200, 0.423900, 0.080200, 0.691700
0.008900, 0.130926, 0.012400, 0.425500, 0.080600, 0.704226
0.008900, 0.120200, 0.012200, 0.425100, 0.080300, 0.692900
0.008900, 0.120000, 0.012400, 0.424100, 0.080300, 0.691700
0.008900, 0.121200, 0.012300, 0.423900, 0.080500, 0.693500
0.009200, 0.120500, 0.012300, 0.424900, 0.085000, 0.697900
0.008800, 0.120800, 0.012200, 0.435326, 0.080500, 0.703926
0.008900, 0.120500, 0.012200, 0.423300, 0.080200, 0.691600
0.008800, 0.120700, 0.012200, 0.423300, 0.080800, 0.692100
0.008900, 0.120100, 0.012200, 0.425500, 0.080200, 0.692900
0.008900, 0.120900, 0.012300, 0.559800, 0.080300, 0.829000
0.009000, 0.120500, 0.012300, 0.424500, 0.080600, 0.694000
0.009400, 0.119700, 0.012200, 0.434426, 0.080500, 0.702926
0.009000, 0.120000, 0.012200, 0.424300, 0.080500, 0.692300
0.008800, 0.119900, 0.012200, 0.424000, 0.080300, 0.691300
0.008800, 0.120600, 0.012300, 0.434500, 0.080200, 0.702500
0.008900, 0.120300, 0.012200, 0.424000, 0.080100, 0.691500
0.008900, 0.120200, 0.012100, 0.424900, 0.080300, 0.693100
0.008800, 0.129426, 0.012200, 0.423900, 0.080400, 0.701026
0.008800, 0.124700, 0.012500, 0.423000, 0.080400, 0.695800
0.008900, 0.119800, 0.012100, 0.423200, 0.080200, 0.690200
0.008800, 0.120000, 0.012300, 0.423300, 0.080300, 0.690800
0.008800, 0.120000, 0.012400, 0.424200, 0.080600, 0.691800
0.008800, 0.119800, 0.012200, 0.433827, 0.080000, 0.701127
0.008800, 0.119900, 0.012300, 0.424700, 0.080200, 0.692400
0.008900, 0.120600, 0.012200, 0.424500, 0.080300, 0.692700
0.008800, 0.120400, 0.012200, 0.424300, 0.080200, 0.691900
0.008800, 0.119800, 0.012300, 0.424400, 0.080300, 0.692000
0.008800, 0.119600, 0.012200, 0.424100, 0.079900, 0.691200
0.008800, 0.120100, 0.012200, 0.437826, 0.080300, 0.706026
0.008900, 0.120000, 0.012500, 0.423800, 0.080200, 0.691300
0.008800, 0.120400, 0.012100, 0.422400, 0.080400, 0.690300
0.008800, 0.120000, 0.012200, 0.758900, 0.080300, 1.027500
0.009000, 0.119800, 0.012200, 0.423600, 0.080600, 0.692400
0.008800, 0.120000, 0.012200, 0.434126, 0.080100, 0.701426
0.008900, 0.120100, 0.012200, 0.423200, 0.080500, 0.690900
0.008800, 0.119900, 0.012200, 0.424400, 0.080300, 0.691600
0.008800, 0.120300, 0.012200, 0.423100, 0.080200, 0.690400
0.008800, 0.120000, 0.012200, 0.424400, 0.080600, 0.692500
0.008800, 0.120200, 0.012200, 0.423400, 0.080600, 0.691700
0.008800, 0.120200, 0.012200, 0.433826, 0.080600, 0.701826
0.008800, 0.120400, 0.012200, 0.424600, 0.080500, 0.692800
0.008900, 0.120500, 0.012100, 0.423500, 0.080700, 0.692100
0.009000, 0.120500, 0.012100, 0.424200, 0.080500, 0.692400
0.008800, 0.120000, 0.012200, 0.424200, 0.080400, 0.691800
