0.681100, 0.087500, 0.005600, 0.302700, 0.068400, 1.189300
0.693130, 0.081900, 0.005800, 0.300900, 0.068200, 1.192330
0.716600, 0.083000, 0.005500, 0.302700, 0.068800, 1.219800
0.681100, 0.087500, 0.005500, 0.302500, 0.068700, 1.188000
0.681300, 0.087900, 0.005500, 0.301700, 0.081430, 1.200430
0.681300, 0.091200, 0.005500, 0.530200, 0.068400, 1.419800
0.681600, 0.099300, 0.006000, 0.302100, 0.068800, 1.201100
0.700700, 0.081500, 0.005600, 0.312029, 0.068300, 1.210629
0.681000, 0.087600, 0.005500, 0.302400, 0.068500, 1.187400
0.680900, 0.087700, 0.005600, 0.303200, 0.068200, 1.187800
0.680900, 0.088300, 0.005600, 0.302400, 0.068500, 1.187200
0.690830, 0.082000, 0.005500, 0.302800, 0.068300, 1.191730
0.681300, 0.087500, 0.005500, 0.302500, 0.068300, 1.186900
0.688300, 0.081700, 0.005600, 0.302600, 0.068700, 1.188800
0.723930, 0.081800, 0.005500, 0.302200, 0.068400, 1.224130
0.680900, 0.090200, 0.005700, 0.302500, 0.068200, 1.189900
0.681300, 0.087800, 0.005500, 0.301900, 0.068400, 1.187000
0.748100, 0.085700, 0.005500, 0.586600, 0.078630, 1.565030
1.289200, 0.196600, 0.021100, 0.314800, 0.086800, 1.970600
0.711700, 0.094400, 0.005700, 0.315400, 0.071500, 1.243500
1.010030, 0.192700, 0.005900, 0.445900, 0.146800, 1.870330
0.982100, 0.086100, 0.005800, 0.315700, 0.071500, 1.507400
0.725330, 0.085100, 0.005800, 0.314900, 0.071300, 1.246930
0.712300, 0.088500, 0.005600, 0.302700, 0.068300, 1.220700
0.681100, 0.087300, 0.005900, 0.302100, 0.068500, 1.187400
0.681300, 0.090400, 0.005800, 0.302800, 0.068300, 1.198530
0.681300, 0.087400, 0.005500, 0.301700, 0.068500, 1.186800
0.680800, 0.090500, 0.005700, 0.303600, 0.068500, 1.191300
0.686900, 0.081800, 0.005600, 0.302000, 0.068400, 1.186400
0.694830, 0.081600, 0.005500, 1.450200, 0.068300, 2.344030
0.952500, 0.124100, 0.006300, 0.692900, 0.864531, 3.110331
0.933100, 0.083900, 0.005400, 0.304000, 0.069300, 1.456600
0.692700, 0.088000, 0.005600, 0.389429, 0.068800, 1.287729
0.700500, 0.087900, 0.005700, 0.302600, 0.068500, 1.208800
0.682400, 0.087300, 0.006000, 0.382500, 0.068500, 1.270400
0.687700, 0.083200, 0.005600, 0.303700, 0.068700, 1.213300
0.694630, 0.082000, 0.005600, 0.301900, 0.068600, 1.195530
0.855000, 0.233600, 0.005600, 0.388400, 0.146500, 1.674100
1.815431, 0.110600, 0.120200, 0.303400, 0.155200, 2.552731
0.689600, 0.087900, 0.005700, 0.303200, 0.068400, 1.198700
0.710000, 0.082200, 0.005700, 0.302200, 0.068700, 1.258700
0.736129, 0.082000, 0.005700, 0.303700, 0.068300, 1.239129
0.687000, 0.081700, 0.005700, 0.303100, 0.068300, 1.188100
0.681700, 0.090400, 0.005800, 0.301900, 0.068500, 1.191000
0.691630, 0.081900, 0.005500, 0.302700, 0.068100, 1.192430
0.681100, 0.087500, 0.005500, 0.414100, 0.068800, 1.300600
0.698200, 0.087900, 0.005500, 0.302100, 0.068700, 1.206600
0.681100, 0.096630, 0.005600, 0.302400, 0.069000, 1.197130
0.681400, 0.087700, 0.006000, 0.302400, 0.068900, 1.189000
0.680800, 0.087600, 0.005600, 0.302100, 0.068800, 1.187000
0.686000, 0.081700, 0.005600, 0.302600, 0.068400, 1.186800
0.766100, 0.086300, 0.005600, 0.302600, 0.069200, 1.320930
0.680800, 0.086000, 0.005600, 0.302200, 0.068500, 1.186400
0.681000, 0.089200, 0.005600, 0.303100, 0.068400, 1.189600
0.692130, 0.081600, 0.005600, 0.302100, 0.068500, 1.192130
0.681000, 0.086100, 0.005500, 0.302500, 0.068300, 1.186000
0.681000, 0.088500, 0.005500, 0.301900, 0.068500, 1.188000
0.681000, 0.095129, 0.005500, 0.303200, 0.068300, 1.195329
0.744700, 0.082000, 0.005600, 0.302900, 0.068700, 1.246500
0.681000, 0.087800, 0.005800, 0.302500, 0.068300, 1.187500
0.681000, 0.087300, 0.005700, 0.312730, 0.069600, 1.198930
0.680800, 0.087400, 0.005500, 0.302500, 0.068400, 1.186800
0.723800, 0.082300, 0.005600, 0.303500, 0.068300, 1.226600
0.681100, 0.089700, 0.005600, 0.575030, 0.068400, 1.481230
0.730800, 0.082800, 0.005700, 0.302000, 0.068600, 1.235100
0.683000, 0.087400, 0.005700, 0.302400, 0.068600, 1.190700
0.687000, 0.081700, 0.005500, 0.302800, 0.068000, 1.187200
0.694830, 0.081600, 0.005600, 0.302900, 0.068400, 1.195030
0.681200, 0.087600, 0.005500, 0.302500, 0.068800, 1.188000
0.680900, 0.087300, 0.005600, 0.301800, 0.068400, 1.185900
0.680700, 0.095730, 0.005700, 0.302400, 0.068600, 1.195330
0.681200, 0.087200, 0.005500, 0.303100, 0.068400, 1.187400
0.680900, 0.087000, 0.005500, 0.302100, 0.069300, 1.187100
0.681100, 0.087300, 0.005500, 0.312430, 0.068500, 1.197230
0.686600, 0.082200, 0.005500, 0.302800, 0.068600, 1.188000
0.680900, 0.087200, 0.005500, 0.302400, 0.068400, 1.186900
0.680900, 0.087100, 0.005500, 0.337100, 0.068500, 1.294100
0.691830, 0.081300, 0.005600, 0.302200, 0.068500, 1.192930
0.681400, 0.087300, 0.005700, 0.301500, 0.068300, 1.186900
0.681300, 0.087200, 0.005600, 0.302000, 0.068200, 1.186000
0.694630, 0.087600, 0.005500, 0.302100, 0.068200, 1.199930
0.680900, 0.088000, 0.005600, 0.301900, 0.068500, 1.187300
0.685800, 0.081800, 0.005500, 0.312200, 0.068200, 1.195300
0.695200, 0.081900, 0.005500, 0.311330, 0.075700, 1.212330
0.680800, 0.087800, 0.005500, 0.301500, 0.068200, 1.186300
0.680900, 0.088900, 0.005600, 0.302200, 0.068500, 1.188500
0.680900, 0.088300, 0.005600, 0.302000, 0.068400, 1.187200
0.690530, 0.081700, 0.005600, 0.310500, 0.068600, 1.198630
0.693600, 0.081600, 0.005600, 0.310600, 0.068700, 1.202400
0.680900, 0.181300, 0.021200, 0.307000, 0.069000, 1.322100
0.690930, 0.081800, 0.005500, 0.302000, 0.068400, 1.191430
0.681300, 0.087500, 0.005800, 0.302400, 0.068700, 1.188200
0.680900, 0.087800, 0.005500, 0.301700, 0.068300, 1.186300
0.681000, 0.087700, 0.005500, 0.301400, 0.077630, 1.195730
0.680900, 0.087600, 0.005600, 0.311200, 0.068500, 1.195900
0.693800, 0.089200, 0.005500, 0.302900, 0.068700, 1.201900
0.680900, 0.087900, 0.005400, 0.301700, 0.068400, 1.186500
0.692300, 0.081600, 0.005500, 0.331600, 0.068300, 1.230030
0.688600, 0.081600, 0.005500, 0.301700, 0.068300, 1.188000
0.681200, 0.087400, 0.005700, 0.303100, 0.068400, 1.188200
