0.088900, 0.118400, 0.006900, 0.428600, 0.093600, 0.780800
0.088600, 0.117500, 0.007000, 0.429200, 0.092600, 0.777900
0.088700, 0.118500, 0.006900, 0.429200, 0.092900, 0.778700
0.088600, 0.117900, 0.006900, 0.428500, 0.093500, 0.778000
0.088600, 0.117400, 0.007200, 0.428600, 0.104826, 0.789026
0.088700, 0.122200, 0.007000, 0.428200, 0.092800, 0.781300
0.088500, 0.117800, 0.006900, 0.429500, 0.092600, 0.778100
0.088500, 0.171600, 0.023400, 0.430900, 0.129700, 0.887800
0.088800, 0.118100, 0.006900, 0.429800, 0.092800, 0.779700
0.088600, 0.118200, 0.007100, 0.429000, 0.104826, 0.790626
0.088600, 0.117800, 0.006900, 0.429600, 0.093100, 0.778800
0.088500, 0.117400, 0.007000, 0.428500, 0.092900, 0.776600
0.088500, 0.118400, 0.007000, 0.428400, 0.092600, 0.777700
0.089000, 0.117800, 0.007400, 0.428500, 0.092700, 0.778300
0.088500, 0.118100, 0.007000, 0.468326, 0.092600, 0.817526
0.088700, 0.118100, 0.006900, 0.429100, 0.093200, 0.778600
0.088600, 0.117400, 0.007000, 0.428900, 0.092900, 0.777400
0.088600, 0.118500, 0.006900, 0.434500, 0.093900, 0.785300
0.088600, 0.117400, 0.007000, 0.428600, 0.092600, 0.777100
0.088600, 0.117900, 0.006900, 0.447226, 0.093000, 0.796426
0.088900, 0.118600, 0.007000, 0.429600, 0.092900, 0.780000
0.088800, 0.118200, 0.007000, 0.429600, 0.092900, 0.779500
0.089000, 0.118000, 0.007000, 0.430100, 0.092800, 0.779600
0.088400, 0.117500, 0.007100, 0.429500, 0.093300, 0.778700
0.088600, 0.117600, 0.006900, 0.442526, 0.093200, 0.792026
0.088700, 0.117800, 0.007100, 0.429300, 0.092900, 0.778400
0.088700, 0.117400, 0.007100, 0.492300, 0.092600, 0.841300
0.122900, 0.190200, 0.007100, 0.504600, 0.094300, 0.962800
0.088700, 0.118600, 0.006900, 0.429400, 0.093000, 0.779800
0.088600, 0.118200, 0.006900, 0.428600, 0.107226, 0.796226
0.088900, 0.118000, 0.007000, 0.429100, 0.126900, 0.812100
0.088500, 0.118100, 0.007000, 0.428900, 0.092500, 0.777800
0.088700, 0.117700, 0.006900, 0.429500, 0.092900, 0.778800
0.088900, 0.128600, 0.007100, 0.434000, 0.101600, 0.803200
0.089000, 0.128126, 0.007000, 0.430100, 0.189300, 0.887026
0.088700, 0.117900, 0.007200, 0.429100, 0.093000, 0.779300
0.088600, 0.117900, 0.007000, 0.428800, 0.092900, 0.777500
0.088700, 0.117800, 0.006900, 0.428400, 0.092600, 0.776900
0.088500, 0.117800, 0.007000, 0.428400, 0.093000, 0.777200
0.088700, 0.129226, 0.007000, 0.428700, 0.092700, 0.788726
0.088500, 0.118000, 0.007000, 0.429100, 0.092600, 0.778200
0.088600, 0.117800, 0.007000, 0.428100, 0.092800, 0.776700
0.088600, 0.117900, 0.007000, 0.430200, 0.097600, 0.783600
0.088700, 0.117700, 0.007000, 0.430200, 0.092600, 0.779400
0.088500, 0.127726, 0.007000, 0.429500, 0.093000, 0.788226
0.088500, 0.117900, 0.007100, 0.429300, 0.092600, 0.778100
0.088700, 0.466100, 0.007200, 0.651700, 0.189500, 1.472200
0.138000, 0.118800, 0.007000, 0.503300, 0.092900, 0.929500
0.088700, 0.291826, 0.007400, 0.671800, 0.217500, 1.322826
0.092600, 0.123300, 0.007300, 0.489600, 0.097100, 0.902900
0.093200, 0.123800, 0.007300, 0.548500, 0.097400, 0.942900
0.105900, 0.124800, 0.007600, 0.446200, 0.097200, 0.845500
0.092700, 0.138327, 0.007600, 0.447400, 0.097200, 0.827927
0.092400, 0.138200, 0.007300, 0.462300, 0.112000, 0.857200
0.092600, 0.123700, 0.007300, 0.445800, 0.121200, 0.835000
0.088700, 0.117200, 0.007000, 0.429300, 0.092600, 0.777200
0.088500, 0.118100, 0.006900, 0.429200, 0.092800, 0.784326
0.088600, 0.117800, 0.007100, 0.429600, 0.092500, 0.779100
0.088400, 0.117900, 0.006900, 0.428800, 0.093000, 0.777500
0.088500, 0.117400, 0.007000, 0.480700, 0.092800, 0.830000
0.088700, 0.118000, 0.007000, 0.428400, 0.092800, 0.778200
0.088500, 0.117900, 0.007000, 0.428200, 0.092800, 0.777700
0.089000, 0.117700, 0.007000, 0.428100, 0.092700, 0.788126
0.088500, 0.117600, 0.007000, 0.463200, 0.326500, 1.047300
0.110600, 0.147400, 0.007000, 0.540400, 0.093500, 0.949400
0.201000, 0.282300, 0.007000, 0.825426, 0.172500, 1.559826
0.122200, 0.140000, 0.007100, 0.574700, 0.141600, 1.031400
0.092900, 0.123200, 0.007400, 0.448300, 0.096700, 0.813200
0.092500, 0.122700, 0.007300, 0.447300, 0.096900, 0.810800
0.092400, 0.123100, 0.007300, 0.447200, 0.096500, 0.810900
0.092400, 0.134826, 0.007300, 0.447500, 0.097000, 0.823326
0.092400, 0.122900, 0.007300, 0.455200, 0.096900, 0.819000
0.088400, 0.117500, 0.007000, 0.429100, 0.092800, 0.777800
0.088600, 0.117700, 0.007000, 0.428000, 0.093000, 0.776700
0.088500, 0.117900, 0.006900, 0.429100, 0.093100, 0.778300
0.088500, 0.128426, 0.007100, 0.429600, 0.093500, 0.789726
0.088400, 0.117400, 0.007100, 0.428800, 0.097800, 0.782000
0.088500, 0.117600, 0.007000, 0.428900, 0.092800, 0.777200
0.088700, 0.117500, 0.007200, 0.429500, 0.092900, 0.778300
0.088500, 0.118300, 0.007000, 0.429700, 0.092800, 0.778800
0.088600, 0.128726, 0.007000, 0.428200, 0.093000, 0.788426
0.088400, 0.303200, 0.007100, 0.428900, 0.094200, 0.965300
0.088700, 0.118300, 0.006900, 0.428700, 0.093100, 0.778600
0.088500, 0.117800, 0.007000, 0.429000, 0.092700, 0.778300
0.088500, 0.117700, 0.007000, 0.427900, 0.092900, 0.776900
0.099426, 0.117700, 0.007000, 0.428700, 0.092600, 0.788126
0.088600, 0.117200, 0.007000, 0.429300, 0.092900, 0.777500
0.088600, 0.117700, 0.007000, 0.428900, 0.092800, 0.776900
0.088600, 0.117600, 0.006900, 0.433000, 0.092700, 0.781400
0.088400, 0.117900, 0.007000, 0.428500, 0.093000, 0.777400
0.088500, 0.127326, 0.007000, 0.428500, 0.093300, 0.788226
0.088400, 0.117200, 0.007000, 0.428800, 0.092500, 0.776900
0.088600, 0.117900, 0.007000, 0.428700, 0.093000, 0.778300
0.088700, 0.117500, 0.007100, 0.429800, 0.092500, 0.778800
0.088400, 0.118500, 0.007000, 0.429300, 0.093100, 0.779800
0.088500, 0.118000, 0.007000, 0.429300, 0.103426, 0.789026
0.088600, 0.118300, 0.007000, 0.430300, 0.092900, 0.779500
0.088700, 0.117700, 0.007000, 0.429600, 0.092900, 0.778800
0.088600, 0.117200, 0.007200, 0.428900, 0.092700, 0.777100
0.088600, 0.117800, 0.007000, 0.429600, 0.092800, 0.778600
