0.086800, 0.164500, 0.014100, 0.578200, 0.107100, 0.998200
0.118800, 0.165100, 0.014000, 0.578800, 0.106900, 1.030300
0.086700, 0.164400, 0.014100, 0.587200, 0.107000, 1.006000
0.094000, 0.171100, 0.014000, 0.587926, 0.107100, 1.020926
0.218400, 0.297500, 0.014200, 0.578200, 0.138200, 1.308100
0.091000, 0.164300, 0.014100, 0.578000, 0.107300, 1.002100
0.086700, 0.164000, 0.014200, 0.578400, 0.107300, 0.997100
0.086700, 0.164200, 0.014000, 0.589626, 0.107100, 1.008126
0.086800, 0.164100, 0.014100, 0.601000, 0.107300, 1.020000
0.086800, 0.165300, 0.014100, 0.586100, 0.107200, 1.006300
0.086800, 0.164600, 0.014100, 0.577700, 0.107000, 0.996700
0.086700, 0.164100, 0.014100, 0.588900, 0.116126, 1.016726
0.086700, 0.164200, 0.014100, 0.577900, 0.106800, 0.996200
0.086700, 0.164900, 0.014100, 0.577900, 0.107300, 0.997400
0.086700, 0.165000, 0.014100, 0.589200, 0.107200, 1.008900
0.086800, 0.173126, 0.014100, 0.578100, 0.107300, 1.006526
0.086700, 0.164900, 0.014100, 0.578400, 0.107200, 0.997600
0.086700, 0.164100, 0.014100, 0.578900, 0.107300, 0.997500
0.086700, 0.164100, 0.014100, 0.577400, 0.107300, 0.995600
0.164600, 0.187726, 0.014200, 0.578900, 0.107800, 1.100726
0.093400, 0.176600, 0.014100, 0.579200, 0.107000, 1.018500
0.086800, 0.164900, 0.014200, 0.578200, 0.107400, 0.998900
0.086700, 0.163500, 0.014000, 0.617326, 0.130900, 1.075126
0.086700, 0.164000, 0.014100, 0.578700, 0.107400, 0.997200
0.086700, 0.168900, 0.014100, 0.578500, 0.106800, 1.001500
0.086900, 0.164900, 0.014100, 0.578200, 0.107000, 0.997200
0.086700, 0.163700, 0.014100, 0.620027, 0.107000, 1.037527
0.087200, 0.165300, 0.014100, 0.577600, 0.107400, 0.998200
0.087000, 0.163900, 0.014100, 0.577300, 0.107100, 0.995700
0.086700, 0.163800, 0.014100, 0.578800, 0.107300, 0.996800
0.087100, 0.164700, 0.014000, 0.587826, 0.107100, 1.006526
0.086900, 0.164600, 0.014100, 0.579500, 0.107100, 0.998400
0.086800, 0.164800, 0.014000, 0.577800, 0.107200, 0.997000
0.087000, 0.163900, 0.014100, 0.585900, 0.107300, 1.005000
0.086800, 0.164000, 0.014100, 0.984126, 0.215600, 1.512726
0.087200, 0.164800, 0.014100, 0.644500, 0.107400, 1.066000
0.087200, 0.164400, 0.014100, 0.579100, 0.107400, 0.998600
0.086900, 0.165000, 0.014300, 0.580400, 0.107100, 1.000300
0.087100, 0.194526, 0.028800, 0.579400, 0.107400, 1.044326
0.086700, 0.166100, 0.014000, 0.580000, 0.107500, 1.001300
0.086800, 0.164100, 0.014100, 0.579300, 0.107200, 0.998600
0.086900, 0.165000, 0.014100, 0.579500, 0.107000, 0.998800
0.086800, 0.208126, 0.014100, 0.611700, 0.107500, 1.075426
0.086700, 0.169500, 0.014100, 0.580700, 0.107300, 1.005300
0.102300, 0.230900, 0.027800, 0.730000, 0.139300, 1.276700
0.100300, 0.195700, 0.029800, 0.802726, 0.137900, 1.313726
0.086800, 0.165400, 0.014100, 0.583300, 0.108000, 1.005500
0.087000, 0.165400, 0.014300, 0.737400, 0.108200, 1.160000
0.115000, 0.192600, 0.014200, 0.792426, 0.215900, 1.406026
0.089500, 0.183000, 0.014300, 0.583400, 0.108400, 1.029700
0.087600, 0.165600, 0.014000, 0.584700, 0.109200, 1.011700
0.087200, 0.168000, 0.014100, 0.590200, 0.109500, 1.017400
0.089800, 0.166600, 0.014100, 0.593426, 0.107300, 1.020226
0.087600, 0.166300, 0.015100, 0.584600, 0.108000, 1.010200
0.087700, 0.167100, 0.014200, 0.582500, 0.109600, 1.010300
0.086800, 0.164800, 0.014100, 0.581100, 0.217500, 1.111700
0.086900, 0.165400, 0.014200, 0.621226, 0.107100, 1.042126
0.086700, 0.199200, 0.014300, 0.579400, 0.108000, 1.035700
0.196000, 0.170000, 0.015100, 0.653500, 0.149200, 1.238000
0.086700, 0.164400, 0.014200, 0.604000, 0.107200, 1.023600
0.088600, 0.180326, 0.014400, 0.591300, 0.109200, 1.031326
0.088600, 0.172200, 0.014400, 0.634200, 0.109500, 1.067800
0.088600, 0.168800, 0.014400, 0.744800, 0.109700, 1.174600
0.088700, 0.168700, 0.014300, 0.602626, 0.109800, 1.031926
0.088500, 0.167900, 0.014300, 0.591100, 0.109200, 1.018700
0.088600, 0.167900, 0.014400, 0.591100, 0.109400, 1.018900
0.088500, 0.168100, 0.014300, 0.590700, 0.109400, 1.018800
0.088500, 0.168200, 0.014400, 0.600426, 0.109700, 1.028926
0.088600, 0.168000, 0.014300, 0.590100, 0.109300, 1.018100
0.088500, 0.168100, 0.014300, 0.590300, 0.109000, 1.017600
0.088500, 0.168100, 0.014300, 0.594700, 0.109400, 1.022200
0.088600, 0.167900, 0.014300, 0.596226, 0.109600, 1.023926
0.088500, 0.167600, 0.014400, 0.590500, 0.109500, 1.018200
0.088500, 0.168000, 0.014400, 0.590600, 0.109100, 1.018600
0.088600, 0.168000, 0.014400, 0.590700, 0.109200, 1.018500
0.088500, 0.167500, 0.014300, 0.599826, 0.109300, 1.027026
0.088500, 0.168000, 0.014300, 0.589600, 0.109400, 1.017200
0.088500, 0.168100, 0.014400, 1.204900, 0.109500, 1.633800
0.131300, 0.169400, 0.014500, 0.647026, 0.142400, 1.168126
0.104100, 0.240400, 0.030300, 0.823300, 0.148100, 1.433900
0.108100, 0.266300, 0.040600, 1.099000, 0.146200, 1.823300
0.092900, 0.247426, 0.015100, 0.850000, 0.136300, 1.450526
0.107600, 0.172200, 0.014700, 0.604300, 0.111800, 1.060400
0.090700, 0.171300, 0.014700, 0.608600, 0.112200, 1.046200
0.088500, 0.168000, 0.014300, 0.599626, 0.109500, 1.027226
0.088500, 0.167600, 0.014400, 0.591100, 0.109500, 1.018800
0.088600, 0.168900, 0.014300, 0.590900, 0.109100, 1.019500
0.088600, 0.168000, 0.014500, 0.639000, 0.109200, 1.067100
0.088600, 0.168400, 0.014400, 0.606926, 0.109700, 1.036126
0.088600, 0.168000, 0.014400, 0.592000, 0.141400, 1.053100
0.088500, 0.168300, 0.014400, 0.831700, 0.109800, 1.261500
0.301200, 0.202100, 0.070400, 0.843126, 0.111200, 1.671226
0.088700, 0.168300, 0.030700, 1.460900, 0.176400, 2.036200
0.125200, 0.301600, 0.014400, 0.613800, 0.110000, 1.246300
0.088900, 0.176826, 0.014400, 0.591100, 0.109400, 1.028726
0.088700, 0.168600, 0.014400, 0.593200, 0.109100, 1.022000
0.088600, 0.167600, 0.014400, 0.596900, 0.109400, 1.024900
0.088600, 0.167900, 0.014400, 0.591200, 0.109800, 1.019400
0.088600, 0.168600, 0.014400, 0.590300, 0.109100, 1.026426
0.088500, 0.168200, 0.014500, 0.592000, 0.109600, 1.020200
