0.009200, 0.050000, 0.004800, 0.191726, 0.042600, 0.339326
0.008800, 0.049800, 0.004800, 0.182100, 0.042700, 0.328900
0.008800, 0.049500, 0.004900, 0.181300, 0.042800, 0.327600
0.008800, 0.049700, 0.004900, 0.181500, 0.042800, 0.328100
0.008800, 0.049600, 0.004800, 0.181100, 0.042500, 0.326600
0.008800, 0.049400, 0.004800, 0.197200, 0.059600, 0.377400
0.009000, 0.049200, 0.004800, 0.187000, 0.042700, 0.348000
0.008800, 0.049900, 0.004800, 0.181800, 0.042700, 0.328200
0.008700, 0.049600, 0.005300, 0.181200, 0.042700, 0.327600
0.008800, 0.049600, 0.004800, 0.182000, 0.042800, 0.328000
0.008800, 0.049600, 0.004900, 0.181400, 0.042300, 0.326600
0.008800, 0.049800, 0.004800, 0.182000, 0.042700, 0.328300
0.008900, 0.049500, 0.004800, 0.193126, 0.042600, 0.338926
0.008800, 0.049500, 0.004900, 0.182500, 0.042700, 0.328600
0.008800, 0.049900, 0.004900, 0.181500, 0.042700, 0.327500
0.008800, 0.049700, 0.004800, 0.181700, 0.042700, 0.327600
0.008900, 0.049500, 0.004800, 0.181800, 0.042500, 0.327600
0.008800, 0.050100, 0.004800, 0.182000, 0.042400, 0.328000
0.008800, 0.049400, 0.004800, 0.182000, 0.042600, 0.327400
0.008800, 0.050000, 0.004900, 0.182200, 0.042700, 0.328600
0.008800, 0.049500, 0.004900, 0.181400, 0.042500, 0.326900
0.008900, 0.049300, 0.004800, 0.182100, 0.042600, 0.327700
0.008800, 0.049600, 0.004800, 0.181700, 0.042500, 0.327300
0.008800, 0.049400, 0.004900, 0.181900, 0.042700, 0.327500
0.008800, 0.049400, 0.004800, 0.190827, 0.042400, 0.336327
0.008800, 0.224700, 0.005000, 0.182300, 0.043600, 0.505800
0.008800, 0.049700, 0.004800, 0.182600, 0.042600, 0.329600
0.008800, 0.049600, 0.004800, 0.181900, 0.042300, 0.327600
0.008800, 0.049400, 0.004800, 0.181600, 0.042500, 0.326900
0.008800, 0.049500, 0.004800, 0.181900, 0.042800, 0.327900
0.008800, 0.049400, 0.004800, 0.181700, 0.042400, 0.326900
0.008800, 0.049100, 0.004800, 0.181200, 0.042200, 0.326100
0.008800, 0.049500, 0.004800, 0.181500, 0.042600, 0.327400
0.008700, 0.049300, 0.004800, 0.182000, 0.042500, 0.327400
0.008700, 0.049600, 0.004900, 0.181700, 0.042600, 0.327200
0.008800, 0.049100, 0.004900, 0.181500, 0.042700, 0.327100
0.017426, 0.053700, 0.004900, 0.181400, 0.042800, 0.340526
0.008800, 0.049600, 0.004800, 0.181600, 0.042800, 0.327600
0.008800, 0.049400, 0.004800, 0.181200, 0.042500, 0.326700
0.008900, 0.049400, 0.004900, 0.182200, 0.042600, 0.327700
0.008800, 0.049400, 0.004900, 0.181100, 0.042400, 0.326700
0.008800, 0.049600, 0.004900, 0.181800, 0.042600, 0.327700
0.008800, 0.049500, 0.004800, 0.182100, 0.042600, 0.328000
0.008800, 0.049400, 0.004800, 0.182100, 0.042800, 0.328100
0.008900, 0.049500, 0.004900, 0.181800, 0.042700, 0.327500
0.008800, 0.049700, 0.004900, 0.181900, 0.042700, 0.328200
0.008800, 0.049600, 0.004900, 0.181200, 0.042600, 0.327000
0.008800, 0.049500, 0.004900, 0.182400, 0.042700, 0.328200
0.008800, 0.049900, 0.004800, 0.181600, 0.043000, 0.336526
0.008800, 0.049800, 0.004900, 0.181800, 0.042700, 0.328300
0.008900, 0.049500, 0.004800, 0.201000, 0.042700, 0.346800
0.009000, 0.049500, 0.004900, 0.182500, 0.042800, 0.343600
0.008800, 0.049700, 0.004800, 0.181600, 0.042900, 0.328100
0.008800, 0.049300, 0.004800, 0.181300, 0.042700, 0.327000
0.008800, 0.049300, 0.004800, 0.182400, 0.042600, 0.328500
0.008800, 0.049200, 0.004800, 0.182400, 0.042800, 0.328200
0.008800, 0.049300, 0.004800, 0.181800, 0.042500, 0.327900
0.008800, 0.049700, 0.004900, 0.181700, 0.042600, 0.327800
0.008800, 0.049300, 0.004900, 0.183500, 0.042800, 0.330000
0.008800, 0.050400, 0.004900, 0.193126, 0.042900, 0.342426
0.008800, 0.049800, 0.005200, 0.182000, 0.042700, 0.330500
0.008800, 0.049500, 0.004800, 0.183200, 0.042700, 0.329400
0.008800, 0.049800, 0.004800, 0.182300, 0.042800, 0.329000
0.008700, 0.049500, 0.004800, 0.182200, 0.042800, 0.329000
0.008800, 0.049600, 0.004800, 0.181600, 0.043000, 0.328200
0.008800, 0.049800, 0.004900, 0.187900, 0.042500, 0.334100
0.008900, 0.049700, 0.004800, 0.181600, 0.042700, 0.328500
0.008800, 0.049600, 0.004800, 0.182300, 0.042800, 0.328500
0.008800, 0.049100, 0.005400, 0.182500, 0.042700, 0.328900
0.008800, 0.049300, 0.004900, 0.182100, 0.042900, 0.327900
0.008800, 0.049400, 0.004800, 0.181800, 0.042900, 0.328200
0.008900, 0.049500, 0.004900, 0.234027, 0.146000, 0.485327
0.009100, 0.050900, 0.005000, 0.199200, 0.043600, 0.349600
0.008900, 0.049700, 0.004800, 0.182800, 0.042500, 0.329200
0.008900, 0.049400, 0.004900, 0.183000, 0.043000, 0.329300
0.008800, 0.050400, 0.004800, 0.182600, 0.043400, 0.330200
0.008900, 0.049900, 0.004800, 0.182400, 0.043700, 0.330300
0.009000, 0.049300, 0.004900, 0.183000, 0.043300, 0.330300
0.009100, 0.049400, 0.004900, 0.184500, 0.043300, 0.331900
0.008700, 0.050100, 0.005300, 0.183700, 0.042500, 0.330900
0.008800, 0.049600, 0.005100, 0.182800, 0.042800, 0.330800
0.009500, 0.050500, 0.004800, 0.183300, 0.043300, 0.331800
0.008900, 0.050400, 0.004800, 0.182900, 0.042400, 0.330900
0.008800, 0.050600, 0.004900, 0.183500, 0.043000, 0.343626
0.009400, 0.050300, 0.004900, 0.182300, 0.043200, 0.331700
0.008800, 0.050300, 0.005000, 0.234000, 0.042500, 0.397600
0.009100, 0.050000, 0.005100, 0.250200, 0.043600, 0.416300
0.009000, 0.050900, 0.005300, 0.306000, 0.043800, 0.473200
0.009600, 0.052300, 0.005100, 0.271300, 0.044200, 0.479700
0.094100, 0.053300, 0.005400, 0.182600, 0.058400, 0.437100
0.008800, 0.049800, 0.004900, 0.181800, 0.042700, 0.329000
0.009000, 0.049400, 0.004800, 0.182100, 0.042600, 0.328200
0.008900, 0.049700, 0.004900, 0.182100, 0.042900, 0.329200
0.008700, 0.049400, 0.004900, 0.193626, 0.047300, 0.344226
0.008800, 0.049700, 0.004900, 0.182300, 0.042600, 0.345700
0.009100, 0.051100, 0.004900, 0.185600, 0.043700, 0.336000
0.009000, 0.050600, 0.004900, 0.186900, 0.043400, 0.336100
0.008900, 0.051500, 0.005000, 0.186100, 0.044300, 0.337200
0.009000, 0.051400, 0.005000, 0.186900, 0.045000, 0.340500
0.009400, 0.050600, 0.005200, 0.187000, 0.043900, 0.339200
