0.849527, 0.143800, 0.007700, 0.646500, 0.111500, 1.804627
0.777400, 0.147700, 0.007800, 0.577900, 0.111100, 1.668200
0.755400, 0.199426, 0.007600, 0.864300, 0.109200, 1.981226
0.820700, 0.145700, 0.008900, 0.653100, 0.111700, 1.788400
0.702300, 0.154200, 0.027200, 0.687027, 0.149000, 1.770227
0.896500, 0.189100, 0.008000, 0.563700, 0.109200, 1.814400
0.758800, 0.144600, 0.007700, 0.563227, 0.108400, 1.627127
0.680700, 0.144400, 0.007500, 0.507200, 0.108300, 1.491800
0.739300, 0.144300, 0.007800, 0.506600, 0.108700, 1.549800
0.670600, 0.143900, 0.007500, 0.505800, 0.122626, 1.493826
0.674100, 0.156700, 0.007600, 0.517100, 0.149100, 1.547800
0.692100, 0.146500, 0.007400, 0.691600, 0.108300, 1.689400
1.742727, 0.192600, 0.009100, 0.521300, 0.131000, 2.644827
0.695400, 0.147100, 0.008400, 0.543626, 0.111200, 1.551426
0.840500, 0.143800, 0.007800, 0.627700, 0.111600, 1.775900
0.855000, 0.144200, 0.007700, 0.519400, 0.172200, 1.745200
0.707727, 0.143100, 0.007800, 0.519600, 0.110900, 1.535027
0.830500, 0.143500, 0.008000, 0.608800, 0.111300, 1.746800
0.883900, 0.143800, 0.008100, 0.518200, 0.112500, 1.725926
0.690700, 0.146800, 0.007800, 0.518200, 0.111100, 1.520200
0.828600, 0.144600, 0.007800, 0.729427, 0.112400, 1.867527
0.754900, 0.141000, 0.007500, 0.539700, 0.108400, 1.647700
0.680400, 0.217500, 0.007600, 0.552900, 0.110200, 1.613400
0.801026, 0.140400, 0.007400, 0.507700, 0.108900, 1.609826
0.673200, 0.146400, 0.008000, 0.508000, 0.108900, 1.487700
0.669300, 0.147100, 0.007400, 0.516427, 0.108600, 1.492027
0.669700, 0.151900, 0.007400, 0.523900, 0.109600, 1.505800
0.676200, 0.139000, 0.007400, 0.507300, 0.108500, 1.481800
0.701100, 0.163300, 0.007600, 0.506600, 0.163527, 1.586027
0.699500, 0.143400, 0.007600, 0.506100, 0.108600, 1.508200
0.668100, 0.143400, 0.007800, 0.721000, 0.109600, 1.692800
0.679026, 0.140000, 0.007800, 0.506500, 0.108600, 1.485426
0.668500, 0.143800, 0.007900, 0.506300, 0.108800, 1.478200
0.667500, 0.143600, 0.007400, 0.518127, 0.108600, 1.488227
0.726200, 0.145400, 0.007400, 0.519600, 0.108900, 1.549900
0.667500, 0.144000, 0.007400, 0.506400, 0.108400, 1.477400
0.676526, 0.139700, 0.007400, 0.506400, 0.108600, 1.481426
0.667600, 0.143500, 0.007400, 0.505200, 0.108700, 1.475600
0.667000, 0.146200, 0.007400, 0.505700, 0.109000, 1.478100
0.676027, 0.139800, 0.007400, 0.505200, 0.108700, 1.479727
0.666900, 0.143700, 0.007400, 0.653700, 0.108900, 1.624700
0.738100, 0.140100, 0.007500, 0.515000, 0.120326, 1.565326
0.681100, 0.140900, 0.007700, 0.508900, 0.108900, 1.490800
0.672000, 0.144400, 0.007400, 0.521527, 0.108800, 1.497427
0.667500, 0.144000, 0.007400, 0.506700, 0.108600, 1.477600
0.667200, 0.143700, 0.007400, 0.506300, 0.108700, 1.475600
0.666900, 0.157927, 0.007500, 0.505500, 0.109400, 1.489927
0.668000, 0.150900, 0.007400, 0.506700, 0.109400, 1.484900
0.666800, 0.143700, 0.007400, 0.506500, 0.108900, 1.475700
0.683126, 0.139200, 0.007600, 0.506200, 0.109000, 1.487526
0.667300, 0.143300, 0.007400, 0.670400, 0.109200, 1.641400
0.692400, 0.144200, 0.007400, 0.516227, 0.108900, 1.512927
0.669000, 0.143100, 0.007500, 0.505200, 0.108500, 1.475800
0.667300, 0.144000, 0.007400, 0.505400, 0.109100, 1.476000
0.673200, 0.148226, 0.007400, 0.506000, 0.108500, 1.486526
0.667200, 0.143700, 0.007500, 0.505300, 0.108500, 1.474900
0.667400, 0.143500, 0.007500, 0.505700, 0.108400, 1.474900
0.676927, 0.140000, 0.007400, 0.506400, 0.108400, 1.481627
0.667200, 0.143900, 0.007400, 0.507300, 0.108900, 1.477400
0.667200, 0.143500, 0.007500, 0.515927, 0.108500, 1.484927
0.686700, 0.142000, 0.007500, 0.516900, 0.111000, 1.507000
0.833600, 0.172000, 0.007600, 0.547400, 0.128200, 1.744600
0.691626, 0.142300, 0.007800, 0.516900, 0.111400, 1.513626
0.681300, 0.146600, 0.007500, 0.515200, 0.110800, 1.504800
0.681200, 0.146900, 0.007500, 0.526627, 0.110900, 1.516127
0.681000, 0.146300, 0.007500, 0.516100, 0.111000, 1.505600
0.681100, 0.151100, 0.007900, 0.516800, 0.111200, 1.511500
0.680900, 0.148400, 0.007500, 0.516700, 0.123726, 1.521326
0.681400, 0.147800, 0.007700, 0.517500, 0.111000, 1.508600
0.681700, 0.146100, 0.007500, 0.516400, 0.111000, 1.506200
0.691427, 0.142000, 0.007600, 0.517700, 0.110900, 1.513227
0.813600, 0.286400, 0.007700, 0.518000, 0.112800, 1.783400
0.684400, 0.149100, 0.008100, 0.534026, 0.111600, 1.531526
0.730400, 0.146600, 0.007600, 0.516500, 0.110700, 1.556100
0.683600, 0.146300, 0.007600, 0.516600, 0.111100, 1.509100
0.694427, 0.141900, 0.007500, 0.516800, 0.110800, 1.515227
0.682400, 0.148400, 0.007500, 0.517500, 0.110900, 1.510500
0.681100, 0.146100, 0.007500, 0.528827, 0.111000, 1.517427
0.681700, 0.146300, 0.007600, 0.521900, 0.110800, 1.512100
0.681300, 0.145900, 0.007600, 0.516200, 0.111200, 1.505800
0.681700, 0.152026, 0.007600, 0.516400, 0.111200, 1.512326
0.681400, 0.930900, 0.007600, 0.517800, 0.111500, 2.293600
0.687600, 0.148100, 0.008100, 0.530827, 0.111200, 1.530327
0.686200, 0.147500, 0.007500, 0.516500, 0.110800, 1.512800
0.683600, 0.146300, 0.007900, 0.516200, 0.110700, 1.508300
0.701926, 0.142800, 0.007600, 0.515100, 0.110500, 1.520926
0.681800, 0.146600, 0.007700, 0.516100, 0.110900, 1.506400
0.704800, 0.142400, 0.007500, 0.528227, 0.111000, 1.537327
0.681100, 0.146600, 0.007900, 0.517600, 0.111200, 1.507800
0.681600, 0.146600, 0.007600, 0.515600, 0.110700, 1.504900
0.681400, 0.164126, 0.007500, 0.517400, 0.111300, 1.525426
1.254500, 0.143500, 0.007800, 0.778800, 0.145300, 2.374800
1.034527, 0.149900, 0.008000, 0.920700, 0.115700, 2.277727
0.803100, 0.166800, 0.008300, 0.539400, 0.116600, 1.682200
0.740200, 0.180627, 0.008000, 0.540000, 0.116200, 1.630927
0.729300, 0.165800, 0.007900, 0.675000, 0.115800, 1.739400
0.685000, 0.151100, 0.007600, 0.518500, 0.111600, 1.527826
0.685900, 0.148900, 0.007900, 0.530700, 0.127300, 1.545400
0.777100, 0.142700, 0.007500, 0.517600, 0.111400, 1.601500
0.687700, 0.152127, 0.007400, 1.245100, 0.171800, 2.310327
