0.700700, 0.298200, 0.018100, 1.030600, 0.190100, 2.286500
0.683400, 0.310200, 0.018500, 1.047327, 0.191100, 2.300227
0.686000, 0.298100, 0.017900, 1.031900, 0.190600, 2.274300
0.686600, 0.308926, 0.018000, 1.032800, 0.190400, 2.285226
0.682800, 0.297200, 0.018000, 1.343827, 0.190900, 2.614227
0.781800, 0.302100, 0.019000, 1.033400, 0.190900, 2.379700
0.690300, 0.299500, 0.017900, 1.048325, 0.190800, 2.296925
0.685200, 0.297700, 0.017900, 1.032000, 0.190400, 2.272500
0.683100, 0.310427, 0.018000, 1.063800, 0.190800, 2.319427
0.682800, 0.298600, 0.018000, 1.033600, 0.191000, 2.273200
0.698926, 0.298700, 0.018000, 1.032500, 0.190700, 2.287626
0.682800, 0.301000, 0.018000, 1.034200, 0.767926, 2.854726
0.687400, 0.299100, 0.017900, 1.038200, 0.190600, 2.282300
0.698326, 0.297500, 0.017900, 1.031900, 0.190200, 2.284526
0.695700, 0.319326, 0.018800, 1.032600, 0.191400, 2.306826
0.689700, 0.298200, 0.017900, 1.038800, 0.189800, 2.283700
0.700627, 0.297300, 0.018000, 1.033000, 0.190700, 2.288327
0.683000, 0.297500, 0.018000, 1.047026, 0.322000, 2.416626
0.684400, 0.298400, 0.018000, 1.054626, 0.205700, 2.310626
0.690200, 0.299500, 0.018200, 1.031700, 0.191100, 2.280800
0.688200, 0.298300, 0.017900, 1.046826, 0.190500, 2.291026
0.683200, 0.299500, 0.018000, 1.033800, 0.190600, 2.273100
0.700300, 0.310827, 0.018000, 1.035900, 0.190700, 2.303727
0.682100, 0.298000, 0.018000, 1.165700, 0.190900, 2.403300
0.695926, 0.297800, 0.017900, 1.030500, 0.190600, 2.281426
0.682700, 0.299300, 0.018000, 1.044126, 0.190900, 2.283926
0.687100, 0.298100, 0.017900, 1.031400, 0.190100, 2.273000
0.682500, 0.298300, 0.017900, 1.043026, 0.190000, 2.279926
0.682200, 0.328700, 0.018000, 1.032000, 0.191000, 2.300700
0.682300, 0.311126, 0.017900, 1.066000, 0.190200, 2.316226
0.779300, 0.331000, 0.018300, 1.030300, 0.191500, 2.400200
0.683300, 0.298400, 0.018100, 1.031400, 0.190200, 2.280127
0.682500, 0.299100, 0.017900, 1.041526, 0.190800, 2.279826
0.682000, 0.297800, 0.018000, 1.035400, 0.190400, 2.271700
0.682400, 0.297600, 0.018000, 1.032000, 0.200326, 2.278126
0.682300, 0.297700, 0.017900, 1.032600, 0.190300, 2.268800
0.691026, 0.297900, 0.018000, 1.030900, 0.190200, 2.275926
1.138000, 0.306400, 0.018700, 1.046027, 0.191100, 2.749327
0.687000, 0.297700, 0.017900, 1.031700, 0.191000, 2.274600
0.682700, 0.297800, 0.018000, 1.040926, 0.190500, 2.278526
0.682200, 0.299900, 0.018000, 1.031900, 0.190400, 2.270600
0.694826, 0.297500, 0.018000, 1.031200, 0.190400, 2.279726
0.682000, 0.298400, 0.017900, 1.031200, 0.190900, 2.268300
0.719726, 0.298700, 0.017900, 1.145600, 0.190900, 2.421726
0.683900, 0.299800, 0.018000, 1.048226, 0.190400, 2.289526
0.683800, 0.298100, 0.018000, 1.030800, 0.190800, 2.269300
0.682900, 0.298100, 0.017900, 1.031500, 0.200127, 2.278727
0.682500, 0.297300, 0.017900, 1.036300, 0.190600, 2.272500
0.677126, 0.292300, 0.017600, 1.014600, 0.186700, 2.234926
0.667600, 0.292300, 0.017700, 1.010700, 0.187200, 2.222700
0.677826, 0.292500, 0.017600, 2.238300, 0.187200, 3.477726
1.603126, 0.482400, 0.018100, 2.023127, 0.335700, 4.599953
0.865900, 0.299200, 0.018300, 1.080100, 0.190300, 2.518800
0.673500, 0.353300, 0.018200, 1.054626, 0.187900, 2.336226
0.875500, 0.295300, 0.018000, 1.041500, 0.187700, 2.468500
0.784426, 0.296200, 0.017700, 1.677500, 0.187000, 3.013426
1.307200, 0.475926, 0.018200, 1.917800, 0.288500, 4.099826
0.808000, 0.298300, 0.018000, 1.042126, 0.190700, 2.423226
0.687900, 0.298000, 0.017900, 1.042700, 0.190500, 2.285200
0.670200, 0.299927, 0.017600, 1.012000, 0.186500, 2.234327
0.668700, 0.291500, 0.017600, 1.009200, 0.186900, 2.221400
1.008426, 0.337200, 0.017700, 1.072900, 0.218400, 2.719926
0.671900, 0.314900, 0.017700, 1.030326, 0.187100, 2.270626
0.672200, 0.291400, 0.017600, 1.010100, 0.186600, 2.225400
0.670400, 0.301526, 0.017700, 1.010600, 0.186300, 2.233526
0.668300, 0.292100, 0.017600, 1.010500, 0.187000, 2.222600
0.678127, 0.291900, 0.017600, 1.010700, 0.186000, 2.231327
0.688600, 0.292400, 0.017500, 1.017626, 0.186500, 2.249726
0.726300, 0.292400, 0.017600, 1.012300, 0.187400, 2.516600
0.670600, 0.290600, 0.017600, 1.033026, 0.186400, 2.246126
0.698300, 0.291100, 0.017600, 1.009800, 0.186600, 2.251100
0.668300, 0.302126, 0.017700, 1.010500, 0.190800, 2.236426
0.667500, 0.291600, 0.017600, 1.009600, 0.186400, 2.219500
0.679226, 0.291600, 0.017700, 1.010800, 0.186100, 2.231926
0.667500, 0.292300, 0.017500, 1.498827, 0.186400, 2.710027
0.670200, 0.293000, 0.017800, 1.017900, 0.187100, 2.234000
0.670400, 0.292000, 0.017600, 1.010900, 0.196326, 2.234826
0.668100, 0.291700, 0.017900, 1.009800, 0.186500, 2.221100
0.668000, 0.300426, 0.017600, 1.009100, 0.186500, 2.228526
0.667800, 0.291600, 0.017500, 1.011100, 0.186200, 2.221500
0.677926, 0.290900, 0.017600, 1.011000, 0.186000, 2.229926
0.667500, 0.294300, 0.017500, 1.638827, 0.186700, 2.852827
0.672700, 0.292500, 0.017700, 1.011700, 0.186800, 2.229800
0.671300, 0.302826, 0.017600, 1.012000, 0.187000, 2.238326
0.668500, 0.296000, 0.017500, 1.012100, 0.186400, 2.227600
0.677826, 0.291900, 0.017600, 1.009800, 0.185900, 2.230026
0.667600, 0.291900, 0.017500, 1.021126, 0.186500, 2.230926
0.667800, 0.290900, 0.017900, 1.009100, 0.186700, 2.219400
1.292300, 0.300200, 0.018300, 1.040500, 0.192200, 2.907426
0.694000, 0.333500, 0.049500, 1.094900, 0.192000, 2.415000
0.727827, 0.301200, 0.018300, 1.035400, 0.191300, 2.324727
0.700700, 0.301200, 0.019000, 1.124026, 0.190600, 2.386526
0.767500, 0.302300, 0.018400, 1.043700, 0.191600, 2.374900
0.698300, 0.300700, 0.018300, 1.066100, 0.242726, 2.376726
0.695100, 0.298600, 0.018000, 7.265363, 0.190600, 8.523763
0.865300, 0.323900, 0.024700, 1.112500, 0.198300, 2.583200
0.707300, 0.324926, 0.019300, 1.035300, 0.191000, 2.330326
0.827300, 0.303200, 0.019600, 1.055326, 0.190500, 2.521826
0.763600, 0.305800, 0.018600, 1.035700, 0.190400, 2.364800
0.701000, 0.309200, 0.018100, 1.065526, 0.192300, 2.337726
