0.671700, 0.201200, 0.016000, 0.696200, 0.127600, 1.762000
0.670800, 0.275226, 0.016400, 0.694500, 0.128100, 1.832326
0.670600, 0.201600, 0.015500, 0.697600, 0.128000, 1.765600
0.669400, 0.203700, 0.015400, 0.708626, 0.127200, 1.772926
0.816300, 0.222200, 0.031600, 0.697000, 0.142000, 1.958100
0.675100, 0.202200, 0.016100, 0.710726, 0.128200, 1.781426
0.673400, 0.201100, 0.015500, 0.696500, 0.127600, 1.762500
0.669100, 0.207100, 0.015400, 0.698200, 0.127900, 1.765400
0.679426, 0.199800, 0.015600, 0.698100, 0.128100, 1.768626
0.668300, 0.201400, 0.015500, 0.696200, 0.127600, 1.755800
0.678326, 0.199400, 0.015400, 0.696800, 0.127600, 1.764726
0.668600, 0.201300, 0.015400, 0.698900, 0.127800, 1.759300
0.669100, 0.201000, 0.015600, 0.834400, 0.138326, 1.911726
0.684900, 0.203200, 0.015500, 0.698100, 0.128000, 1.778800
0.672200, 0.201500, 0.016000, 0.715826, 0.127800, 1.781726
0.670300, 0.201800, 0.015800, 0.696500, 0.128100, 1.759900
0.669300, 0.201600, 0.015500, 0.723526, 0.137800, 1.795126
0.675900, 0.203900, 0.015400, 0.697400, 0.127500, 1.767600
0.668100, 0.200900, 0.015500, 0.696300, 0.127600, 1.756000
0.678426, 0.199200, 0.015400, 0.697100, 0.127800, 1.765626
0.668900, 0.200900, 0.015500, 0.696600, 0.127800, 1.757100
0.668600, 0.211326, 0.015500, 0.891800, 0.127400, 1.962626
0.670000, 0.201600, 0.015700, 0.698200, 0.127600, 1.761200
0.671000, 0.201800, 0.015700, 0.707326, 0.127600, 1.775226
0.669000, 0.201500, 0.015500, 0.697600, 0.128300, 1.759600
0.668500, 0.204000, 0.015600, 0.709026, 0.127600, 1.772526
0.668500, 0.204400, 0.015500, 0.696400, 0.127600, 1.760000
0.668000, 0.201600, 0.015800, 0.696900, 0.127800, 1.757500
0.681026, 0.198900, 0.015500, 0.696600, 0.132400, 1.771926
0.667700, 0.201800, 0.015500, 0.782800, 0.127800, 1.843500
0.785726, 0.200400, 0.015600, 0.695700, 0.128900, 1.874926
0.669100, 0.202400, 0.015700, 0.696500, 0.128100, 1.760100
0.668100, 0.201300, 0.015400, 0.695200, 0.139526, 1.767726
0.668100, 0.201300, 0.015400, 0.696900, 0.128500, 1.758300
0.673400, 0.199100, 0.015600, 0.711426, 0.127900, 1.774926
0.668000, 0.203500, 0.015400, 0.697800, 0.127900, 1.760200
0.676300, 0.199200, 0.015800, 0.730026, 0.127800, 1.796926
0.667800, 0.201500, 0.015900, 0.696700, 0.128800, 1.757900
0.668400, 0.202500, 0.015400, 0.697100, 0.127900, 1.759200
0.716426, 0.199800, 0.015600, 0.697800, 0.133300, 1.940026
0.670300, 0.201700, 0.015600, 0.698200, 0.128200, 1.762100
0.668200, 0.213526, 0.015400, 0.697700, 0.139700, 1.783126
0.668200, 0.201100, 0.015400, 0.697300, 0.127700, 1.757700
0.668700, 0.201200, 0.015400, 0.709226, 0.127700, 1.769826
0.668100, 0.199600, 0.015400, 0.697000, 0.127600, 1.755700
0.673500, 0.199400, 0.015400, 0.708426, 0.128200, 1.772026
0.675700, 0.220200, 0.015600, 0.698200, 0.142000, 1.799000
0.667800, 0.201300, 0.015400, 0.814500, 0.128000, 1.875400
0.679426, 0.199300, 0.015700, 0.697400, 0.128000, 1.767926
0.668500, 0.204000, 0.015500, 0.695800, 0.127900, 1.759300
0.678726, 0.199500, 0.015500, 0.695700, 0.132300, 1.769326
0.667500, 0.201300, 0.015600, 0.697300, 0.128000, 1.757100
0.667200, 0.202300, 0.015400, 0.696800, 0.137426, 1.766726
0.667400, 0.201500, 0.015400, 0.697900, 0.127600, 1.756700
0.668200, 0.201900, 0.015400, 0.708526, 0.127800, 1.769926
0.667400, 0.201100, 0.015500, 0.700300, 0.128200, 1.760200
0.672400, 0.769900, 0.018400, 0.729626, 0.164600, 2.406926
0.782200, 0.207600, 0.017800, 0.719500, 0.132300, 1.912900
0.707100, 0.239900, 0.017100, 0.724526, 0.130900, 1.869926
0.726900, 0.209900, 0.016700, 0.784300, 0.131700, 1.918800
0.690800, 0.206700, 0.016100, 0.780426, 0.130900, 1.875726
0.703000, 0.205900, 0.016800, 0.716300, 0.131200, 1.826300
0.697100, 0.209900, 0.016300, 0.715200, 0.130600, 1.819100
0.687725, 0.199700, 0.015700, 0.698900, 0.127800, 1.777625
0.669600, 0.557800, 0.017200, 0.697400, 0.144000, 2.135200
0.757126, 0.199700, 0.015600, 0.697400, 0.128400, 1.846726
0.669000, 0.200800, 0.015500, 0.702000, 0.128000, 1.764200
0.678826, 0.218300, 0.016300, 0.761700, 0.130700, 1.854426
0.699500, 0.205600, 0.015700, 0.712100, 0.130600, 1.812700
0.685400, 0.205600, 0.015900, 0.712500, 0.142626, 1.811126
0.684800, 0.205400, 0.015800, 0.747800, 0.131300, 1.833700
0.670400, 0.201800, 0.015600, 0.725426, 0.144800, 1.806826
0.689200, 0.202800, 0.015800, 0.988000, 0.130600, 2.075300
0.672700, 0.211100, 0.015300, 0.709526, 0.194000, 1.851726
0.672700, 0.201100, 0.015500, 0.697200, 0.127600, 1.762200
0.671100, 0.203200, 0.015400, 0.696600, 0.128100, 1.761900
0.669200, 0.201000, 0.015500, 0.697900, 0.127600, 1.770826
0.668000, 0.201300, 0.015700, 0.701100, 0.128200, 1.761900
0.678326, 0.199600, 0.015400, 0.696300, 0.128100, 1.765126
0.667100, 0.201200, 0.015300, 0.696300, 0.127900, 1.755200
0.667600, 0.200900, 0.015700, 0.695600, 0.138426, 1.765926
0.668000, 0.668500, 0.113500, 0.764700, 0.142700, 2.475100
0.713126, 0.201600, 0.015700, 0.710400, 0.127900, 1.820026
0.744800, 0.200800, 0.015500, 0.697100, 0.128600, 1.835800
0.672900, 0.201200, 0.015900, 0.698100, 0.128400, 1.773626
0.670500, 0.202200, 0.015500, 0.698600, 0.127600, 1.762100
0.671100, 0.201200, 0.015400, 0.708126, 0.127700, 1.771626
0.668500, 0.203400, 0.015400, 0.696100, 0.128200, 1.759400
0.668200, 0.201300, 0.015400, 0.701800, 0.127400, 1.761600
0.678426, 0.199500, 0.015500, 1.027900, 0.127900, 2.111026
0.791400, 0.203100, 0.015400, 0.708126, 0.143600, 1.980426
0.674100, 0.201400, 0.015600, 0.696400, 0.127600, 1.763300
0.699900, 0.201100, 0.015400, 0.698600, 0.127900, 1.790800
0.681826, 0.199400, 0.015400, 0.736000, 0.128000, 1.807826
0.696100, 0.199300, 0.015700, 0.697900, 0.128100, 1.785500
0.715826, 0.214100, 0.015500, 0.695800, 0.127800, 1.830726
0.669400, 0.260500, 0.015600, 1.201200, 0.174900, 2.369300
0.868326, 0.207500, 0.016700, 0.859000, 0.133000, 2.166526
0.843800, 0.327000, 0.017000, 0.748700, 0.137100, 2.126900
1.016226, 0.234100, 0.017600, 1.013600, 0.150100, 2.483326
