0.088700, 0.244000, 0.015800, 0.852400, 0.159500, 1.407900
0.088500, 0.244900, 0.015900, 0.863126, 0.158900, 1.418426
0.088500, 0.245700, 0.015800, 0.853200, 0.158300, 1.408300
0.108100, 0.246200, 0.015800, 0.852600, 0.159100, 1.430700
0.088600, 0.245100, 0.015800, 0.860426, 0.164000, 1.420526
0.088500, 0.244400, 0.015700, 0.863400, 0.158700, 1.417700
0.088600, 0.245000, 0.015800, 1.228626, 0.158400, 1.783226
0.088900, 0.273500, 0.015800, 1.295100, 0.210300, 1.932100
0.154600, 0.244700, 0.015800, 1.402326, 0.158700, 2.024226
0.092600, 0.397500, 0.016600, 1.041100, 0.214200, 1.822700
0.092800, 0.267800, 0.016100, 0.888500, 0.167400, 1.481900
0.092600, 0.256300, 0.016500, 0.871900, 0.176826, 1.462526
0.088500, 0.245700, 0.015800, 0.853600, 0.158900, 1.409200
0.088500, 0.244900, 0.015800, 0.851700, 0.158600, 1.405600
0.088700, 0.254726, 0.015800, 0.852200, 0.159000, 1.416426
0.088500, 0.244800, 0.015900, 0.852000, 0.158900, 1.406400
0.088600, 0.245300, 0.015900, 0.865326, 1.008200, 2.271526
0.133600, 0.358200, 0.015800, 1.489100, 0.159600, 2.246500
0.165800, 0.372400, 0.016400, 0.883526, 0.197200, 1.737826
0.090600, 0.251600, 0.016200, 0.885600, 0.162500, 1.454300
0.088800, 0.245500, 0.015900, 0.854100, 0.158900, 1.419100
0.088500, 0.254826, 0.015700, 0.852800, 0.158600, 1.416426
0.088600, 0.244900, 0.015800, 0.851700, 0.158900, 1.406400
0.088500, 0.244800, 0.015800, 0.864826, 0.158900, 1.418726
0.088500, 0.244200, 0.015700, 0.852700, 0.158600, 1.406100
0.088600, 0.245100, 0.015800, 0.943900, 0.159100, 1.499100
0.088500, 0.245900, 0.015800, 0.862626, 0.158500, 1.418326
0.088500, 0.245200, 0.015900, 0.852800, 0.158700, 1.407300
0.088600, 0.245000, 0.015800, 0.852300, 0.159000, 1.407100
0.088600, 0.244800, 0.015800, 0.860225, 0.158600, 1.413925
0.088500, 0.250200, 0.015800, 0.851900, 0.159000, 1.411600
0.088600, 0.244800, 0.015800, 0.852500, 0.159100, 1.406400
0.088600, 0.245300, 0.015800, 0.881400, 0.158900, 1.444326
0.088700, 0.245600, 0.015800, 0.852800, 0.158900, 1.409300
0.088600, 0.244000, 0.015800, 0.852300, 0.158900, 1.406100
0.088600, 0.255126, 0.015800, 0.852200, 0.158700, 1.416526
0.088500, 0.244700, 0.015800, 0.941700, 0.158500, 1.496300
0.093000, 0.245600, 0.015800, 0.862026, 0.159400, 1.422826
0.088600, 0.245000, 0.015800, 0.853100, 0.159000, 1.408000
0.088600, 0.244900, 0.015900, 0.862000, 0.158600, 1.416500
0.088500, 0.261400, 0.015900, 0.869326, 0.158900, 1.440126
0.088600, 0.245200, 0.015800, 0.851800, 0.158600, 1.406500
0.088500, 0.245500, 0.015800, 0.852800, 0.158800, 1.407400
0.088500, 0.245400, 0.015800, 0.866326, 0.159100, 1.421126
0.088600, 0.244400, 0.015800, 0.852300, 0.158600, 1.405800
0.088600, 0.244100, 0.015800, 0.851600, 0.158600, 1.404600
0.088500, 0.244800, 0.015900, 0.851000, 0.172726, 1.419226
0.088600, 0.245300, 0.015800, 0.979000, 0.159000, 1.534300
0.088500, 0.245400, 0.015800, 0.852500, 0.159100, 1.408400
0.097826, 0.245500, 0.015900, 0.852700, 0.158900, 1.417026
0.088600, 0.244700, 0.015900, 0.853200, 0.158600, 1.407400
0.088500, 0.245000, 0.015800, 0.932926, 0.222700, 1.551726
0.088700, 0.245500, 0.015900, 0.882300, 0.158900, 1.438700
0.088600, 0.245000, 0.015900, 0.853300, 0.158900, 1.408200
0.088600, 0.245200, 0.015800, 0.862126, 0.158900, 1.416926
0.088600, 0.244700, 0.015800, 0.853200, 0.158800, 1.407300
0.088500, 0.244400, 0.015800, 0.852800, 0.158900, 1.407000
0.088600, 0.244900, 0.015800, 0.862700, 0.172126, 1.430226
0.088600, 0.244600, 0.015800, 0.853500, 0.248000, 1.501800
0.088500, 0.246000, 0.015800, 0.854100, 0.158800, 1.410200
0.095226, 0.246200, 0.015900, 0.850700, 0.159100, 1.413926
0.088600, 0.245000, 0.015800, 0.851800, 0.158600, 1.406600
0.088600, 0.244700, 0.015800, 0.861926, 0.158700, 1.415626
0.088500, 0.246000, 0.015800, 0.857000, 0.159200, 1.412700
0.088500, 0.245100, 0.015800, 0.852300, 0.158700, 1.406600
0.088500, 0.244900, 0.015800, 0.860526, 0.158300, 1.414226
0.088600, 0.244500, 0.015800, 0.852800, 0.158900, 1.406500
0.088600, 0.245100, 0.015700, 0.852100, 0.159200, 1.407000
0.088500, 0.244800, 0.015800, 0.861026, 0.158800, 1.415126
0.088500, 0.244700, 0.015800, 0.938500, 1.012700, 2.349200
0.088800, 0.250100, 0.015900, 0.863426, 0.159600, 1.426226
0.088600, 0.244300, 0.015900, 0.854100, 0.158800, 1.408600
0.088600, 0.244900, 0.015800, 0.945000, 0.158600, 1.500100
0.088800, 0.245800, 0.015800, 0.865026, 0.158500, 1.420926
0.088500, 0.244500, 0.015900, 0.852600, 0.159100, 1.407200
0.088600, 0.245000, 0.015800, 0.852900, 0.158800, 1.407600
0.088500, 0.245000, 0.024626, 0.858500, 0.159200, 1.422126
0.088400, 0.245000, 0.015800, 0.852700, 0.158500, 1.406300
0.088600, 0.245100, 0.015800, 0.851500, 0.159200, 1.406500
0.088500, 0.253926, 0.015800, 1.178900, 0.158700, 1.742426
0.088800, 0.246000, 0.015800, 0.852000, 0.159200, 1.408900
0.088500, 0.245300, 0.015700, 0.863026, 0.158800, 1.417926
0.088400, 0.244500, 0.015900, 0.851700, 0.158300, 1.405100
0.092800, 0.244700, 0.015800, 0.851800, 0.158800, 1.410400
0.088600, 0.244700, 0.015800, 0.861626, 0.159100, 1.415926
0.088500, 0.245400, 0.015800, 0.852800, 0.158600, 1.407400
0.088400, 0.244600, 0.015800, 0.850900, 0.158500, 1.404000
0.088700, 0.244500, 0.015700, 0.851200, 0.168326, 1.414726
0.088500, 0.244900, 0.015700, 0.851200, 0.158600, 1.405600
0.088500, 0.245000, 0.015800, 0.858200, 0.158800, 1.412700
0.088600, 0.254426, 0.015800, 0.855400, 1.033200, 2.296126
0.089200, 0.247200, 0.015900, 0.885500, 0.177000, 1.468700
0.089000, 0.245300, 0.015800, 0.852000, 0.172326, 1.422226
0.088500, 0.245400, 0.015900, 0.852300, 0.158500, 1.407100
0.088400, 0.244800, 0.015800, 0.852800, 0.159100, 1.407400
0.088500, 0.257526, 0.015800, 0.857200, 0.158700, 1.424126
0.088500, 0.244600, 0.015700, 0.960400, 0.158600, 1.515000
0.088700, 0.245100, 0.015800, 0.865226, 0.159000, 1.421226
0.088500, 0.244700, 0.015800, 0.852100, 0.159200, 1.406900
0.088500, 0.245500, 0.015900, 0.853100, 0.158800, 1.408100
