0.009000, 0.084700, 0.006100, 0.305200, 0.067100, 0.513600
0.008800, 0.084200, 0.006000, 0.314527, 0.072100, 0.526427
0.008800, 0.083800, 0.006000, 0.304500, 0.066900, 0.511100
0.008700, 0.083800, 0.006000, 0.304500, 0.067300, 0.510900
0.008800, 0.084100, 0.006000, 0.305600, 0.067400, 0.512700
0.008800, 0.083700, 0.006000, 0.304900, 0.067200, 0.510800
0.008800, 0.083700, 0.006000, 0.304700, 0.067500, 0.510900
0.008800, 0.084000, 0.006000, 0.303900, 0.067000, 0.510000
0.008800, 0.083800, 0.006000, 0.304500, 0.067500, 0.511100
0.008800, 0.083600, 0.006000, 0.312826, 0.067300, 0.518926
0.008700, 0.084200, 0.005900, 0.304900, 0.067300, 0.511400
0.008800, 0.084000, 0.005900, 0.305200, 0.067600, 0.511900
0.008700, 0.084100, 0.006000, 0.303800, 0.067200, 0.510400
0.008800, 0.084800, 0.006000, 0.304400, 0.067700, 0.512600
0.008800, 0.083900, 0.006200, 0.304800, 0.067400, 0.511200
0.008700, 0.084000, 0.006000, 0.305200, 0.067300, 0.511700
0.008800, 0.084400, 0.006100, 0.304600, 0.067300, 0.511400
0.008700, 0.092826, 0.006100, 0.305000, 0.067600, 0.521326
0.008800, 0.083700, 0.006300, 0.303500, 0.067500, 0.510500
0.008800, 0.083800, 0.006000, 0.305100, 0.067300, 0.511700
0.008900, 0.084000, 0.006000, 0.305100, 0.071300, 0.515600
0.008800, 0.084000, 0.006000, 0.304900, 0.067300, 0.511400
0.008800, 0.092700, 0.006100, 0.305600, 0.067900, 0.521800
0.008800, 0.083700, 0.005900, 0.313000, 0.075100, 0.527800
0.009000, 0.139000, 0.006100, 0.314526, 0.067700, 0.629526
0.008800, 0.083900, 0.006100, 0.304300, 0.067500, 0.511800
0.008900, 0.084000, 0.006000, 0.303500, 0.067500, 0.510600
0.008800, 0.084100, 0.006000, 0.304100, 0.067400, 0.510700
0.008800, 0.083600, 0.006000, 0.304600, 0.067300, 0.511100
0.008800, 0.084700, 0.021700, 0.304700, 0.082400, 0.542900
0.008800, 0.083800, 0.006000, 0.303500, 0.067300, 0.509600
0.008800, 0.084200, 0.006000, 0.303900, 0.067300, 0.510800
0.008900, 0.092826, 0.006100, 0.304300, 0.067600, 0.520626
0.008800, 0.083800, 0.006100, 0.313200, 0.067400, 0.520000
0.008800, 0.083800, 0.006000, 0.320500, 0.066900, 0.527300
0.008900, 0.084000, 0.006100, 0.312600, 0.067400, 0.519700
0.008900, 0.084200, 0.006000, 0.304300, 0.067200, 0.511200
0.008900, 0.083900, 0.006100, 0.304900, 0.067100, 0.511600
0.008800, 0.084000, 0.006000, 0.309000, 0.067100, 0.515500
0.008700, 0.083700, 0.006000, 0.313927, 0.067200, 0.520627
0.008800, 0.084000, 0.006000, 0.305200, 0.067200, 0.511800
0.008800, 0.084000, 0.006100, 0.304400, 0.067200, 0.510900
0.008800, 0.083800, 0.006100, 0.304900, 0.067500, 0.511600
0.008800, 0.083900, 0.006000, 0.336500, 0.067900, 0.543600
0.008800, 0.084500, 0.006000, 0.305100, 0.067300, 0.512400
0.008900, 0.084400, 0.006000, 0.304600, 0.067500, 0.512000
0.008800, 0.083800, 0.006200, 0.304600, 0.067200, 0.511100
0.008800, 0.084000, 0.006000, 0.304400, 0.075026, 0.518926
0.009000, 0.084300, 0.006000, 0.305200, 0.067400, 0.512900
0.008800, 0.083700, 0.006000, 0.304400, 0.067300, 0.510900
0.008700, 0.083800, 0.006000, 0.305400, 0.067400, 0.511800
0.008900, 0.084000, 0.006000, 0.304800, 0.067100, 0.511200
0.008800, 0.083900, 0.006000, 0.306000, 0.067800, 0.513200
0.008800, 0.084500, 0.006000, 0.778300, 0.067200, 0.986600
0.009300, 0.133126, 0.006600, 0.346400, 0.119300, 0.671826
0.008800, 0.084100, 0.006100, 0.327400, 0.067300, 0.534700
0.008900, 0.084500, 0.006100, 0.306500, 0.074100, 0.528000
0.008800, 0.084200, 0.006000, 0.305200, 0.068900, 0.514500
0.008800, 0.084100, 0.006000, 0.305000, 0.067300, 0.511900
0.008800, 0.083900, 0.006000, 0.305400, 0.067300, 0.511900
0.008800, 0.084400, 0.006000, 0.304200, 0.067300, 0.511200
0.008800, 0.084300, 0.006000, 0.374126, 0.067200, 0.581226
0.008800, 0.084400, 0.006100, 0.304400, 0.067300, 0.511800
0.008700, 0.084000, 0.006000, 0.304800, 0.066700, 0.510500
0.008700, 0.084600, 0.006100, 0.305100, 0.067000, 0.512100
0.008800, 0.083500, 0.006000, 0.304900, 0.067400, 0.511200
0.009200, 0.083700, 0.006000, 0.304700, 0.067200, 0.511500
0.008700, 0.083900, 0.006100, 0.305400, 0.067600, 0.512200
0.008800, 0.083600, 0.006000, 0.304900, 0.067400, 0.511000
0.009100, 0.084600, 0.006100, 0.305900, 0.067400, 0.514200
0.008800, 0.083500, 0.006000, 0.305000, 0.067100, 0.511200
0.008800, 0.084000, 0.006000, 0.306400, 0.067400, 0.513600
0.008800, 0.084300, 0.006000, 0.304600, 0.067700, 0.512600
0.008800, 0.084100, 0.006000, 0.304500, 0.067400, 0.511100
0.008800, 0.099500, 0.006100, 0.305600, 0.082200, 0.543200
0.008800, 0.083700, 0.006000, 0.305200, 0.067200, 0.511300
0.008800, 0.084300, 0.006100, 0.313627, 0.071400, 0.525027
0.008800, 0.084100, 0.006100, 0.305300, 0.067300, 0.512500
0.008800, 0.083900, 0.006100, 0.305800, 0.067300, 0.512500
0.008800, 0.084500, 0.006000, 0.303900, 0.067000, 0.510900
0.008800, 0.084300, 0.006000, 0.305600, 0.067200, 0.512400
0.008800, 0.084000, 0.006000, 0.305200, 0.067300, 0.512200
0.008800, 0.084500, 0.006000, 1.000426, 0.314000, 1.472226
0.009000, 0.170100, 0.020500, 0.891300, 0.132900, 1.319000
0.009400, 0.167800, 0.006400, 0.642000, 0.117600, 1.033200
0.009100, 0.135800, 0.022400, 0.604700, 0.173900, 1.038100
0.009500, 0.136700, 0.006300, 0.557700, 0.147126, 0.951426
0.022200, 0.123400, 0.006600, 0.384400, 0.074200, 0.725200
0.009500, 0.128800, 0.006500, 0.326700, 0.189100, 0.705600
0.009500, 0.089300, 0.006500, 0.339500, 0.071800, 0.559800
0.009300, 0.088100, 0.006300, 0.317500, 0.070300, 0.533700
0.009200, 0.087400, 0.006300, 0.317200, 0.069900, 0.531900
0.009200, 0.087900, 0.006200, 0.331400, 0.070000, 0.559326
0.009000, 0.085500, 0.006200, 0.311200, 0.068500, 0.522000
0.009000, 0.085900, 0.006100, 0.311100, 0.068600, 0.521900
0.009000, 0.086200, 0.006200, 0.324000, 0.068700, 0.534800
0.008900, 0.083900, 0.006000, 0.304800, 0.067200, 0.511300
0.008800, 0.084100, 0.006000, 0.305000, 0.067200, 0.511400
0.008800, 0.084000, 0.006000, 0.304600, 0.067400, 0.511300
0.008900, 0.084000, 0.006100, 0.314426, 0.067200, 0.521326
