0.678500, 0.298300, 1.431823, 1.807200, 0.231300, 4.497023
0.689423, 0.298200, 1.390100, 1.785600, 0.188300, 4.399523
0.689323, 0.296600, 1.385900, 1.793923, 0.187100, 4.400446
9.527655, 0.309900, 1.410900, 1.888714, 0.196000, 13.387469
0.728900, 0.347400, 1.507523, 1.921800, 0.191000, 4.750123
0.681000, 0.299500, 1.401823, 1.792800, 0.186500, 4.410223
0.680100, 0.297300, 1.394723, 1.785200, 0.186300, 4.389823
0.679800, 0.305123, 1.389100, 1.812700, 0.186900, 4.420123
0.802323, 0.296400, 1.381500, 1.793323, 0.186700, 4.506646
0.678900, 0.297000, 1.382000, 1.795623, 0.186600, 4.387323
0.679200, 0.301600, 1.383700, 1.798323, 0.187600, 4.396623
0.678000, 0.295200, 1.381900, 1.913223, 0.188700, 4.504323
0.685600, 0.297200, 1.392023, 1.783300, 0.187200, 4.392623
0.679000, 0.298400, 1.393823, 1.786700, 0.186500, 4.390423
0.759500, 0.297200, 1.393323, 1.901100, 0.187600, 4.586623
0.776200, 0.309123, 1.415500, 1.785000, 0.187100, 4.520623
0.691623, 0.297600, 1.383200, 1.849100, 0.197223, 4.466546
0.679600, 0.297400, 1.379200, 1.798223, 0.186700, 4.387723
0.679300, 0.296600, 1.382800, 2.270923, 0.188400, 4.865723
0.686400, 0.299600, 1.385100, 1.804023, 0.186500, 4.409123
0.679400, 0.296900, 1.390323, 1.783600, 0.186900, 4.383123
0.678700, 0.295400, 1.401123, 1.786800, 0.186300, 4.394423
0.788800, 0.298500, 1.400723, 1.802100, 0.186700, 4.524423
0.679700, 0.367823, 1.387900, 1.785800, 0.188000, 4.456423
0.689123, 0.296700, 1.388600, 1.790500, 0.186000, 4.397723
0.690923, 0.296600, 2.235300, 2.149323, 0.238700, 5.661646
0.819200, 0.306600, 1.572623, 3.785823, 0.200300, 6.737846
0.757100, 0.306900, 1.423500, 1.840223, 0.191500, 4.571423
0.694100, 0.495200, 1.419200, 1.832823, 0.191500, 4.682923
0.702900, 0.303700, 1.447423, 2.401900, 0.195300, 5.101823
0.695800, 0.335300, 1.543824, 1.895400, 0.199300, 4.721724
0.710123, 0.306700, 1.497100, 1.876623, 0.195200, 4.638846
0.702100, 0.305900, 1.419700, 1.852623, 0.192900, 4.522723
0.727600, 0.305100, 1.417100, 1.842923, 0.193000, 4.535123
0.695800, 0.311100, 1.421100, 7.447656, 0.215300, 10.146156
0.740813, 0.321700, 1.498200, 1.878523, 0.192800, 4.686336
0.695100, 0.307400, 1.433400, 2.368623, 0.765800, 5.744723
2.182623, 1.240400, 2.335400, 1.942923, 0.200600, 8.010046
0.702600, 0.307300, 3.320323, 2.471323, 0.203400, 7.062146
0.712400, 0.310000, 1.419600, 1.839123, 0.193200, 4.525023
0.693900, 0.304700, 1.442823, 1.819900, 0.191200, 4.501923
0.694700, 0.303100, 1.882123, 1.842300, 0.195200, 4.967823
0.856623, 0.306000, 1.471000, 1.829300, 0.208323, 4.724446
0.696800, 0.307500, 1.427700, 1.848323, 0.193300, 4.524223
0.696700, 0.305700, 1.425700, 1.843223, 0.192200, 4.512723
0.696700, 0.307500, 1.513000, 1.845123, 0.200000, 4.614123
0.695000, 0.308700, 1.437723, 1.839200, 0.194500, 4.527023
0.696100, 0.305800, 1.432923, 1.832900, 0.193000, 4.510623
0.718100, 0.315223, 1.449000, 5.314138, 0.222900, 8.074761
1.561610, 0.309800, 1.430500, 1.840621, 0.193100, 5.406031
0.695200, 0.304000, 1.453900, 1.843523, 0.246600, 4.594823
0.709500, 0.305100, 2.654426, 1.822800, 0.193500, 5.737426
0.695200, 0.305900, 1.427520, 1.823200, 0.190900, 4.493020
0.706023, 0.303700, 1.413300, 1.822200, 0.189600, 4.483223
0.703323, 0.302800, 1.421000, 1.987323, 0.191700, 4.654946
0.693500, 0.304900, 1.413800, 1.944323, 0.193500, 4.599823
0.694700, 0.302600, 1.416800, 1.836023, 0.191200, 4.490223
0.693700, 0.303000, 1.423923, 1.820000, 0.290200, 4.581323
0.694400, 0.303900, 1.435823, 1.825500, 0.191200, 4.499723
0.693900, 0.303700, 1.429823, 1.822300, 0.191100, 4.489123
0.704123, 0.303400, 1.423900, 1.825100, 0.191700, 4.496223
0.705523, 0.303500, 2.166000, 1.924623, 0.200800, 5.353646
0.792200, 0.418300, 1.462400, 1.963323, 0.195000, 4.885523
0.695400, 0.304500, 1.432923, 1.832200, 0.192500, 4.508123
0.694600, 0.304400, 1.423923, 1.943200, 0.192100, 4.608723
0.694000, 0.315423, 1.413200, 1.830000, 0.190500, 4.492923
0.707523, 0.305300, 1.413900, 1.834423, 0.190900, 4.500546
0.695000, 0.303500, 1.413400, 1.835523, 0.190700, 4.486523
0.809400, 0.302500, 1.437900, 1.825023, 0.191200, 4.614923
0.689200, 0.301400, 1.412100, 1.852323, 0.190900, 4.495123
0.691400, 0.304400, 1.421624, 1.819900, 0.199700, 4.485124
0.703300, 0.310700, 1.560123, 1.820400, 0.192100, 4.636823
0.690600, 0.313323, 1.455100, 1.815200, 0.190000, 4.513123
0.698523, 0.302100, 1.407900, 1.832723, 0.190600, 4.479546
0.689200, 0.301200, 1.438900, 1.988623, 0.191900, 4.659123
0.692200, 0.305000, 1.490100, 2.297823, 0.196300, 5.058623
0.694100, 0.307700, 1.432923, 1.828200, 0.191000, 4.504623
0.694400, 0.304700, 1.420923, 2.077300, 0.196900, 4.744123
1.000423, 0.305700, 1.423300, 2.383123, 0.201800, 5.369846
0.696500, 0.310700, 1.456000, 1.804523, 0.189000, 4.510523
0.686100, 0.299600, 1.391100, 1.793223, 0.186900, 4.406123
0.679300, 0.296700, 1.761723, 1.785700, 0.189500, 4.761723
0.679900, 0.304200, 1.404023, 1.783400, 0.187600, 4.408923
0.681100, 0.298000, 1.398523, 1.788600, 0.187600, 4.401223
0.679000, 0.307423, 1.392200, 2.386600, 0.190600, 5.016746
0.680900, 0.300100, 1.387300, 1.801523, 0.188200, 4.407223
0.680400, 0.297400, 1.389700, 1.795323, 0.187600, 4.398223
0.742600, 0.297300, 1.384900, 1.799423, 0.188100, 4.460723
0.681400, 0.298200, 1.603423, 1.894300, 0.191800, 4.718623
0.695400, 0.304800, 1.432023, 1.844000, 0.193600, 4.520623
0.710100, 0.314300, 1.422123, 1.807700, 0.188900, 4.494223
0.691623, 0.298600, 1.385000, 2.214200, 0.205823, 4.845646
0.681700, 0.302100, 1.396300, 1.804523, 0.188300, 4.422423
0.681100, 0.300000, 1.382800, 1.804223, 0.252000, 4.470423
0.694700, 0.297600, 1.384900, 1.865723, 0.187800, 4.479023
0.782800, 0.299400, 1.400523, 1.785900, 0.188400, 4.505923
0.679500, 0.298200, 1.398023, 1.784700, 0.187100, 4.395523
0.680000, 0.302400, 1.395023, 1.786500, 0.187100, 4.397723
0.679500, 0.308323, 1.422300, 1.992100, 0.188700, 4.639323
0.693023, 0.299500, 1.391600, 1.789700, 0.199223, 4.422446
