0.093600, 0.244800, 1.144200, 1.476733, 0.156400, 3.163933
0.088300, 0.243200, 1.177200, 1.494100, 0.158900, 3.207600
0.089200, 0.245800, 1.179433, 1.501500, 0.159800, 3.221533
0.089100, 0.250200, 1.180834, 4.046833, 0.961400, 6.625067
0.497200, 1.937133, 1.245900, 1.561100, 0.167300, 5.560033
0.094000, 0.265500, 1.187433, 1.493800, 0.159200, 3.248333
0.089900, 0.246700, 1.169700, 2.614534, 0.505000, 4.701734
0.588800, 1.374133, 1.331800, 1.584933, 0.159800, 5.162566
0.090400, 0.248400, 1.166900, 1.502400, 0.159300, 3.214000
0.089200, 0.244900, 1.189933, 1.517400, 0.164600, 3.252133
0.089600, 0.246900, 1.365834, 1.497100, 0.161200, 3.407834
0.090500, 0.251600, 1.169400, 1.514833, 0.160300, 3.234433
0.090200, 0.249200, 1.184800, 1.551133, 0.161000, 3.283633
0.090100, 0.248400, 1.171100, 1.502700, 0.169534, 3.228434
0.114300, 0.249900, 1.168800, 1.501900, 0.160400, 3.250000
0.089800, 0.247500, 1.407534, 1.573800, 0.167300, 3.536234
0.090500, 0.271400, 1.207832, 1.507200, 0.160700, 3.286632
0.090900, 0.250700, 1.180100, 1.549533, 0.160100, 3.279233
0.090600, 0.249200, 1.168200, 1.509734, 0.159400, 3.223534
0.089500, 0.247100, 1.167800, 1.565600, 0.160900, 3.277600
0.088900, 0.246500, 1.166400, 1.497300, 0.159700, 3.213000
0.088800, 0.246400, 1.175333, 1.495500, 0.160000, 3.212033
0.088800, 0.245900, 1.170100, 1.499533, 0.159500, 3.210133
0.088900, 0.246200, 1.169300, 1.507034, 0.159700, 3.217134
0.088700, 0.245700, 1.167000, 1.676633, 0.160500, 3.384733
0.088800, 0.406600, 1.171600, 1.494200, 0.160600, 3.369700
0.090000, 0.258533, 1.173400, 1.500300, 0.160000, 3.228733
0.089800, 0.246300, 1.262834, 1.547200, 0.161000, 3.355234
0.090000, 0.248100, 1.199900, 1.541733, 0.159600, 3.287533
0.089300, 0.248900, 1.346500, 1.585033, 0.160700, 3.478033
0.090000, 0.248800, 1.169800, 1.508633, 0.159300, 3.223533
0.089700, 0.247400, 1.165900, 1.534600, 0.160300, 3.245100
0.089300, 0.247200, 1.193134, 1.500000, 0.159700, 3.235934
0.089700, 0.245900, 1.177933, 1.499200, 0.159200, 3.218533
0.088800, 0.682700, 1.180833, 1.502700, 0.160200, 3.662733
0.089200, 0.247000, 1.168200, 1.506833, 0.159300, 3.217133
0.088900, 0.246100, 1.211800, 1.509534, 0.160400, 3.263434
0.088900, 0.279800, 1.167000, 1.532333, 0.160600, 3.276433
0.090100, 0.248700, 1.168300, 1.586700, 0.160000, 3.301900
0.089400, 0.247900, 1.185233, 1.496600, 0.160000, 3.225633
0.089000, 0.246700, 1.186634, 1.496200, 0.159800, 3.224334
0.088800, 0.247100, 1.166400, 1.512333, 0.159100, 3.219433
0.088600, 0.245900, 1.173600, 1.595933, 0.159300, 3.310133
0.088900, 0.245800, 1.233800, 1.499500, 0.160400, 3.276100
0.098633, 0.246100, 1.170900, 1.498700, 0.158800, 3.219233
0.088800, 0.245100, 1.179534, 1.498800, 0.159800, 3.217334
0.088600, 0.245200, 1.170000, 1.505733, 0.159100, 3.219333
0.088700, 0.245100, 1.167700, 1.542033, 0.161200, 3.250633
0.096000, 0.265400, 1.476600, 1.512133, 0.161600, 3.560033
0.090000, 0.250000, 1.168700, 1.496600, 0.158700, 3.212000
0.089300, 0.256534, 1.173200, 1.565100, 0.160100, 3.291034
0.088700, 0.245800, 1.181233, 1.492800, 0.159600, 3.214733
0.089000, 0.245400, 1.170900, 1.645133, 0.160800, 3.358033
0.089100, 0.246300, 1.170200, 1.508534, 0.159500, 3.220834
0.089400, 0.245900, 1.168000, 1.508100, 0.168033, 3.226033
0.088800, 0.246300, 1.164400, 1.501500, 0.158900, 3.205700
0.088600, 0.245500, 1.263833, 1.501500, 0.160200, 3.305733
0.089100, 0.245800, 1.178033, 1.622900, 0.161000, 3.344133
0.089500, 0.246000, 1.171800, 1.503134, 0.172700, 3.229234
0.086900, 0.241000, 1.141500, 1.476133, 0.155800, 3.146333
0.086700, 0.240600, 1.141700, 1.463300, 0.156100, 3.133000
0.087000, 0.245400, 1.155233, 1.463800, 0.155900, 3.152433
0.086700, 0.239800, 1.169033, 1.688500, 0.156600, 3.386633
0.086900, 0.241700, 1.144200, 1.480334, 0.156300, 3.154634
0.087400, 0.240100, 1.143000, 1.476733, 0.156500, 3.148333
0.086800, 0.241100, 1.144200, 1.468700, 0.155800, 3.141800
0.087000, 0.240000, 1.156133, 1.469500, 0.156200, 3.153933
0.086700, 0.239800, 1.251634, 1.464400, 0.156600, 3.244134
0.086900, 0.239500, 1.143700, 1.483833, 0.156400, 3.155233
0.087000, 0.240600, 1.141600, 1.476933, 0.156000, 3.146733
0.086800, 0.241100, 1.143200, 1.465900, 0.155800, 3.137500
0.086800, 0.240200, 1.152133, 1.464100, 0.156300, 3.148233
0.086800, 0.240800, 1.259834, 1.487700, 0.156500, 3.278134
0.087700, 0.245100, 1.231900, 1.501733, 0.158500, 3.273533
0.089400, 0.244100, 1.237100, 1.538833, 0.195000, 3.359433
0.087600, 0.245800, 1.154000, 1.540000, 0.158800, 3.242100
0.088000, 0.252333, 1.146000, 1.463200, 0.155800, 3.151433
1.728437, 0.540200, 1.743100, 1.811632, 0.246800, 6.216569
0.148600, 1.238900, 2.932533, 1.612200, 0.212600, 6.211833
0.093100, 0.256200, 2.092867, 2.649400, 0.183800, 5.335467
0.203300, 0.396733, 1.361500, 1.692900, 0.188500, 3.900833
0.107700, 0.307200, 1.211133, 1.581200, 0.157900, 3.416333
0.089600, 0.245200, 1.188333, 1.544900, 0.157500, 3.273233
0.088100, 0.243400, 1.203400, 1.491933, 0.159700, 3.232433
0.088800, 0.246800, 1.167500, 1.511334, 0.159500, 3.220234
0.089200, 0.246000, 1.268000, 1.500100, 0.160000, 3.311300
0.099833, 0.249500, 1.171300, 1.535200, 0.161300, 3.264633
0.090100, 0.248700, 1.214433, 1.502900, 0.159900, 3.263033
0.089200, 0.247200, 1.262933, 1.685800, 0.174300, 3.507533
0.103600, 0.264400, 1.255400, 1.613334, 0.187000, 3.475234
0.203300, 0.290000, 1.279000, 1.508733, 0.160600, 3.491833
0.090500, 0.249700, 1.170900, 1.514333, 0.159700, 3.232333
0.090300, 0.249000, 1.170100, 1.497200, 0.159500, 3.213100
0.088900, 0.247700, 1.184534, 1.497800, 0.159800, 3.224734
0.089500, 0.248600, 1.180533, 1.632300, 0.161000, 3.359033
0.089600, 0.248900, 1.167500, 1.538533, 0.160800, 3.252533
0.090000, 0.248500, 1.168600, 1.507733, 0.159200, 3.220233
0.089700, 0.248300, 1.167600, 1.527900, 0.159400, 3.239300
0.089600, 0.256834, 1.168200, 1.500500, 0.159600, 3.220734
0.088900, 0.247300, 1.176133, 1.636100, 0.160400, 3.356033
