0.009100, 0.086600, 0.229000, 0.293600, 0.068400, 0.729500
0.008900, 0.098036, 0.229400, 0.293600, 0.069200, 0.741536
0.009000, 0.085400, 0.233300, 0.295000, 0.068900, 0.733800
0.009100, 0.085800, 0.228200, 0.399300, 0.070200, 0.835500
0.009000, 0.086300, 0.228700, 0.294700, 0.068600, 0.729500
0.009000, 0.085700, 0.229800, 0.294400, 0.068500, 0.729000
0.009000, 0.086200, 0.240137, 0.295100, 0.068800, 0.741637
0.009000, 0.085400, 0.230700, 0.293200, 0.068100, 0.728000
0.008900, 0.085800, 0.228100, 0.293800, 0.068600, 0.727000
0.009200, 0.086200, 0.228300, 0.293300, 0.068200, 0.727500
0.008900, 0.085500, 0.229400, 0.294600, 0.068600, 0.728600
0.009000, 0.085300, 0.228600, 0.305036, 0.068800, 0.738336
0.008900, 0.085800, 0.228700, 0.294600, 0.068700, 0.728600
0.008900, 0.085500, 0.228200, 0.294500, 0.068400, 0.726800
0.008900, 0.086200, 0.230100, 0.295300, 0.068700, 0.731200
0.009000, 0.085300, 0.232400, 0.294900, 0.069200, 0.732800
0.008900, 0.086600, 0.229000, 0.296500, 0.068700, 0.732500
0.009100, 0.085400, 0.236637, 0.295000, 0.069100, 0.737637
0.008900, 0.085700, 0.230100, 0.294700, 0.068700, 0.730300
0.009000, 0.085400, 0.229900, 0.294900, 0.068000, 0.729300
0.008900, 0.085900, 0.228300, 0.293500, 0.069400, 0.727700
0.009000, 0.085300, 0.228200, 0.294000, 0.068500, 0.726900
0.008900, 0.085600, 0.228200, 0.303536, 0.068800, 0.737436
0.009000, 0.086100, 0.230000, 0.296200, 0.068900, 0.731600
0.008900, 0.085400, 0.228100, 0.423400, 0.070200, 0.859500
0.008900, 0.085900, 0.228200, 0.293200, 0.069100, 0.728000
0.009100, 0.085600, 0.229300, 0.295200, 0.068800, 0.730100
0.009000, 0.086100, 0.231000, 0.296600, 0.078537, 0.743137
0.008900, 0.085900, 0.234100, 0.295900, 0.068800, 0.735500
0.009000, 0.085600, 0.230500, 0.295100, 0.068400, 0.730900
0.009000, 0.086200, 0.229000, 0.295000, 0.068100, 0.728700
0.008900, 0.085200, 0.229900, 0.296400, 0.068800, 0.730800
0.009000, 0.086100, 0.229200, 0.295100, 0.068500, 0.729900
0.009000, 0.085600, 0.238036, 0.294600, 0.068900, 0.738236
0.008900, 0.085900, 0.229400, 0.312200, 0.075100, 0.757100
0.009100, 0.089100, 0.231200, 0.295400, 0.068500, 0.737100
0.008900, 0.086000, 0.228300, 0.300300, 0.068600, 0.735400
0.009000, 0.086100, 0.228700, 0.294900, 0.068900, 0.730400
0.009000, 0.085800, 0.230400, 0.295300, 0.068300, 0.731200
0.008900, 0.086000, 0.229700, 0.311736, 0.069700, 0.748936
0.009100, 0.086000, 0.230100, 0.794800, 0.085600, 1.249300
0.009000, 0.086400, 0.232200, 0.312200, 0.102000, 0.785600
0.008900, 0.119600, 0.297400, 0.389300, 0.069400, 0.927900
0.009000, 0.104100, 0.273337, 0.295400, 0.069100, 0.808537
0.009000, 0.085300, 0.229900, 0.292900, 0.068300, 0.727500
0.008900, 0.085600, 0.229600, 0.296800, 0.068500, 0.731600
0.008900, 0.085600, 0.228500, 0.295600, 0.068500, 0.728500
0.009000, 0.085400, 0.228600, 0.294200, 0.068500, 0.727000
0.009000, 0.085700, 0.229000, 0.305836, 0.068800, 0.740236
0.009000, 0.085700, 0.228600, 0.294900, 0.068600, 0.728500
0.009100, 0.085500, 0.229200, 0.293600, 0.068700, 0.727800
0.009000, 0.086500, 0.228600, 0.293900, 0.068500, 0.728000
0.008900, 0.085600, 0.230000, 0.294900, 0.068400, 0.729600
0.008900, 0.085400, 0.227700, 0.294000, 0.068600, 0.726100
0.009000, 0.085400, 0.238237, 0.296000, 0.069000, 0.740137
0.009000, 0.085600, 0.229000, 0.296200, 0.069000, 0.731100
0.009100, 0.085500, 0.230400, 0.295800, 0.068600, 0.731900
0.009000, 0.085500, 0.232700, 0.293900, 0.068400, 0.731300
0.008900, 0.085700, 0.227800, 0.294000, 0.068400, 0.726900
0.009100, 0.085700, 0.242900, 0.302036, 0.069300, 0.751636
0.009000, 0.086100, 0.231400, 1.322000, 0.070700, 1.762900
0.009000, 0.119600, 0.228500, 0.542500, 0.070400, 1.014100
0.009100, 0.086100, 0.230500, 0.295000, 0.068600, 0.731700
0.008900, 0.085600, 0.239537, 0.302000, 0.068900, 0.747837
0.009100, 0.085600, 0.229100, 0.318900, 0.069200, 0.754600
0.009000, 0.095000, 0.230900, 0.294800, 0.069100, 0.741400
0.009000, 0.085400, 0.230300, 0.294800, 0.068700, 0.730500
0.009000, 0.086000, 0.230900, 0.295900, 0.068700, 0.732400
0.009000, 0.086400, 0.230300, 0.346036, 0.069000, 0.782536
0.008900, 0.085800, 0.230600, 0.293500, 0.068500, 0.729000
0.009000, 0.085800, 0.230500, 0.293800, 0.068700, 0.729500
0.009000, 0.085700, 0.228900, 0.295100, 0.068600, 0.729000
0.009000, 0.085700, 0.228000, 0.293200, 0.068400, 0.725800
0.009000, 0.085500, 0.230300, 0.293900, 0.078637, 0.739337
0.009000, 0.086400, 0.233200, 0.294300, 0.069100, 0.734000
0.009000, 0.085900, 0.227700, 0.293600, 0.068400, 0.726300
0.009000, 0.085800, 0.228500, 0.293300, 0.068900, 0.727100
0.009200, 0.085200, 0.229900, 0.293800, 0.068600, 0.728400
0.009000, 0.085800, 0.231100, 0.295100, 0.068700, 0.731700
0.009000, 0.085000, 0.236936, 0.294100, 0.156600, 0.825036
0.009000, 0.086300, 0.228800, 0.294600, 0.069100, 0.730100
0.008900, 0.085300, 0.228300, 0.293300, 0.068300, 0.726300
0.009000, 0.086000, 0.228000, 0.294300, 0.068600, 0.727700
0.009000, 0.085600, 0.229800, 0.293800, 0.068600, 0.729100
0.009000, 0.086200, 0.228800, 0.304937, 0.068900, 0.739937
0.008900, 0.085500, 0.229700, 0.293900, 0.068200, 0.728200
0.009000, 0.085600, 0.228900, 0.295300, 0.068400, 0.728800
0.009000, 0.085300, 0.236200, 0.294000, 0.069000, 0.735900
0.008900, 0.085600, 0.230500, 0.295500, 0.068800, 0.731200
0.008900, 0.085700, 0.228300, 0.294000, 0.068600, 0.727400
0.009000, 0.096336, 0.228800, 0.294200, 0.069000, 0.739036
0.008900, 0.085800, 0.228100, 0.295500, 0.068400, 0.728700
0.009100, 0.086200, 0.229200, 0.293300, 0.068500, 0.728200
0.009000, 0.085700, 0.228600, 0.293500, 0.068500, 0.727000
0.009000, 0.085900, 0.229500, 0.293600, 0.069000, 0.728700
0.009000, 0.086000, 0.229500, 0.301437, 0.068900, 0.736737
0.008900, 0.085800, 0.228700, 0.294000, 0.068500, 0.728000
0.009000, 0.085300, 0.228200, 0.293000, 0.068600, 0.725800
0.009000, 0.085700, 0.228300, 0.293800, 0.068500, 0.727100
0.009500, 0.085900, 0.229000, 0.295500, 0.068800, 0.730700
