0.679500, 0.367400, 1.747137, 2.273600, 0.233200, 5.350937
0.694000, 0.370700, 1.766937, 2.469837, 0.332300, 5.682274
1.006400, 0.520900, 4.318837, 2.343236, 0.235900, 8.476373
0.693400, 0.375300, 1.749700, 2.285037, 0.233200, 5.385937
0.693500, 1.690939, 3.173700, 2.645835, 0.243500, 8.501874
0.694600, 0.377300, 1.801137, 2.277336, 0.234600, 5.435573
0.693500, 0.378800, 1.888100, 2.280837, 0.234900, 5.525037
0.693500, 0.381500, 1.763537, 2.291200, 0.235200, 5.421437
0.715437, 0.374300, 1.756900, 2.282037, 0.238600, 5.415274
0.693400, 0.374200, 2.326936, 2.344900, 0.250400, 6.043736
0.698700, 0.386700, 1.797037, 2.294837, 0.236100, 5.467974
0.709700, 0.386300, 1.773100, 2.280337, 0.233600, 5.432837
0.888000, 0.374800, 1.768637, 2.276000, 0.235100, 5.591437
0.701436, 0.371500, 1.757400, 2.286237, 0.233900, 5.398173
0.697900, 0.372400, 1.754700, 2.347437, 0.234400, 5.454337
0.691200, 0.373300, 1.761937, 2.278200, 0.234200, 5.386637
0.701537, 0.372900, 1.752700, 2.281236, 0.233100, 5.388273
0.692200, 0.377500, 1.752900, 2.440537, 0.234200, 5.545237
0.694000, 0.372700, 1.760937, 2.272900, 0.232700, 5.380737
0.692600, 0.372700, 1.761000, 2.282137, 0.233000, 5.395974
0.691300, 0.372400, 1.767136, 2.395300, 0.234700, 5.508936
0.692600, 0.383737, 1.749800, 2.283337, 0.233900, 5.390374
0.693000, 0.372900, 1.752500, 2.279537, 0.233000, 5.378437
0.690700, 0.372600, 1.891137, 2.270200, 0.234200, 5.506737
0.693300, 0.383436, 1.755400, 2.290937, 0.233300, 5.404373
0.692700, 0.370900, 1.750500, 2.276137, 0.233300, 5.370237
0.701900, 0.372400, 1.906037, 2.269100, 0.234600, 5.531637
0.702537, 0.373700, 1.755300, 2.281536, 0.233300, 5.394273
0.697500, 0.371900, 1.752500, 2.273737, 0.232800, 5.375937
0.693100, 0.372100, 2.101037, 2.275400, 0.245437, 5.735674
0.694400, 0.378200, 1.750800, 2.277537, 0.232900, 5.382737
0.698000, 0.374700, 1.780736, 2.268100, 0.234100, 5.402536
0.858400, 0.386937, 1.780700, 2.296237, 0.238100, 5.621174
0.694800, 0.375600, 1.760300, 2.284437, 0.234400, 5.399637
0.694100, 0.375100, 1.769037, 5.730843, 0.542800, 9.166780
0.877230, 0.429300, 6.840453, 2.602721, 0.326100, 11.170904
0.853800, 0.413500, 4.107837, 3.611037, 0.250100, 9.432774
0.899300, 0.560800, 2.251400, 2.814437, 0.479900, 7.081873
2.605646, 0.390700, 1.797800, 2.295328, 0.238400, 7.385074
0.695600, 0.378700, 1.774437, 2.343700, 0.235700, 5.480137
0.706736, 0.374800, 1.961200, 2.286337, 0.237800, 5.618273
0.693900, 0.384400, 1.824737, 2.268300, 0.235400, 5.456937
0.693700, 0.380637, 1.836400, 2.281637, 0.236500, 5.479074
0.694700, 0.469300, 1.764500, 2.287436, 0.237300, 5.503536
0.694100, 0.376700, 1.796037, 2.288100, 0.234600, 5.439537
0.705737, 0.375300, 1.779100, 2.280937, 0.234500, 5.424374
1.250700, 0.391900, 1.843437, 2.282000, 0.240600, 6.069037
0.696100, 0.394436, 1.770700, 2.324337, 0.236500, 5.475273
0.695300, 0.377600, 1.754000, 5.226374, 0.249100, 8.355974
0.695400, 0.381100, 1.786300, 2.282837, 0.234500, 5.432237
0.694500, 0.381100, 1.768836, 2.282300, 0.234400, 5.410136
0.795537, 0.374800, 1.763800, 2.289837, 0.235200, 5.509574
0.694000, 0.375700, 1.777837, 2.281000, 0.234600, 5.412837
0.694400, 0.373700, 1.772637, 2.381237, 0.236100, 5.507574
0.698500, 0.374900, 1.770700, 2.287136, 0.235400, 5.417436
0.693200, 0.376100, 1.770837, 2.288600, 0.234600, 5.412237
0.695300, 0.414937, 1.765100, 2.356837, 0.343100, 5.625674
0.736900, 0.375600, 1.852700, 2.287936, 0.236000, 5.539236
0.695500, 0.376600, 1.773637, 2.308300, 0.239200, 5.442337
0.706237, 0.375000, 1.757400, 2.473637, 0.251600, 5.613974
0.701700, 0.376100, 1.760237, 2.276900, 0.234400, 5.399037
0.694100, 0.385536, 1.761500, 2.293437, 0.233700, 5.417173
0.799400, 0.387000, 1.872900, 2.287437, 0.236400, 5.633837
0.695000, 0.375800, 1.775437, 2.283600, 0.235500, 5.415237
0.704737, 0.374300, 1.766100, 2.285636, 0.235100, 5.414673
0.693300, 0.375500, 2.055837, 2.277400, 0.239100, 5.691537
0.696000, 0.375000, 1.778237, 2.282200, 0.244737, 5.426774
0.693800, 0.375500, 1.768300, 2.284637, 0.234600, 5.405437
0.802000, 0.461600, 1.804736, 2.241500, 0.233600, 5.596436
0.682500, 0.388837, 1.748700, 2.249637, 0.230300, 5.351374
0.681800, 0.372400, 1.832200, 2.236737, 0.349800, 5.521837
0.684600, 0.370700, 1.737137, 2.237500, 0.229600, 5.308637
0.691236, 0.368800, 1.833400, 2.240237, 0.231100, 5.412973
0.680300, 0.366700, 1.725500, 2.429237, 0.230600, 5.481437
0.680100, 0.370900, 1.729237, 2.230800, 0.230800, 5.290937
0.691837, 0.366300, 1.727400, 2.242736, 0.230300, 5.306473
0.681500, 0.370300, 1.724700, 2.673000, 0.231600, 5.729200
0.697700, 0.368500, 1.733237, 2.227000, 0.230500, 5.313974
0.680200, 0.369900, 1.730100, 2.239237, 0.229900, 5.297437
0.680500, 0.367800, 1.728736, 2.441400, 0.230500, 5.509936
0.680700, 0.379537, 1.770600, 2.327537, 0.231200, 5.441174
0.680100, 0.367900, 1.719000, 2.238437, 0.229700, 5.282737
0.681300, 0.369800, 2.590437, 2.505900, 0.257437, 6.457774
0.961600, 0.444000, 1.955000, 2.256936, 0.232700, 5.903936
0.680400, 0.369300, 1.725637, 2.225800, 0.229500, 5.279637
2.063643, 0.492100, 1.973431, 2.283000, 0.255000, 7.119274
0.681700, 0.370600, 1.782537, 2.277900, 0.233700, 5.397937
0.694200, 0.381500, 1.766100, 2.407737, 0.237200, 5.536637
0.694400, 0.376700, 1.774437, 2.276900, 0.240500, 5.412737
0.693500, 0.384037, 1.761800, 2.286437, 0.233500, 5.407774
0.693400, 0.370400, 2.128400, 3.468136, 0.329400, 7.040336
0.956537, 0.497900, 1.894500, 2.317037, 0.235100, 5.953374
0.693500, 0.374600, 1.766037, 2.272100, 0.475600, 5.631337
0.764000, 0.474437, 2.426300, 2.330236, 0.262400, 6.310573
0.719200, 0.384100, 1.788137, 2.271900, 0.234900, 5.448637
0.693900, 0.384737, 1.754000, 2.448437, 0.235300, 5.565174
0.694300, 0.375200, 1.756400, 2.281937, 0.234300, 5.390537
0.693600, 0.374800, 1.767536, 2.310900, 0.235200, 5.430236
0.701637, 0.374700, 1.832800, 2.280037, 0.235300, 5.472974
0.693600, 0.374200, 1.781300, 2.280537, 0.235000, 5.414337
