0.009200, 0.099600, 0.277600, 0.365237, 0.079800, 0.874737
0.009000, 0.098900, 0.270100, 0.357200, 0.079200, 0.856900
0.009000, 0.099000, 0.271600, 0.357600, 0.079300, 0.858600
0.008900, 0.099300, 0.270400, 0.353100, 0.078900, 0.852800
0.008900, 0.098900, 0.269500, 0.358300, 0.079400, 0.857100
0.009000, 0.099400, 0.278836, 0.357000, 0.079800, 0.866236
0.009000, 0.098400, 0.272100, 0.359000, 0.078700, 0.858900
0.008900, 0.098800, 0.270600, 0.354200, 0.079100, 0.853300
0.009000, 0.098900, 0.269200, 0.357300, 0.079000, 0.855100
0.009100, 0.098900, 0.270000, 0.365437, 0.079700, 0.865137
0.008900, 0.099000, 0.269600, 0.355900, 0.079400, 0.854500
0.008900, 0.098900, 0.270700, 0.425300, 0.080400, 0.927300
0.009000, 0.099500, 0.269700, 0.357900, 0.106600, 0.885900
0.009000, 0.099300, 0.270900, 0.356300, 0.079600, 0.857800
0.009000, 0.098900, 0.280536, 0.356600, 0.079600, 0.866536
0.009000, 0.098600, 0.271500, 0.358600, 0.079700, 0.859300
0.009000, 0.099400, 0.271800, 0.357800, 0.079300, 0.859100
0.008900, 0.098600, 0.271700, 0.356500, 0.079200, 0.856500
0.009000, 0.098800, 0.271800, 0.357900, 0.079200, 0.865736
0.008900, 0.099000, 0.278200, 0.358300, 0.079800, 0.867100
0.009000, 0.114000, 0.289600, 0.360300, 0.080100, 0.895100
0.008900, 0.099100, 0.269600, 0.355000, 0.079200, 0.853800
0.009000, 0.099500, 0.269100, 0.359400, 0.079100, 0.857600
0.008900, 0.098800, 0.269900, 0.369137, 0.079800, 0.869137
0.008900, 0.099300, 0.270300, 0.357800, 0.079100, 0.857400
0.008900, 0.099000, 0.270300, 0.359300, 0.079200, 0.858500
0.009000, 0.098800, 0.271100, 0.355800, 0.083500, 0.860000
0.008900, 0.098800, 0.268600, 0.356300, 0.079200, 0.853600
0.008900, 0.111436, 0.271400, 0.355000, 0.079900, 0.868136
0.009000, 0.098800, 0.270700, 1.629400, 0.082600, 2.133800
0.008900, 0.144100, 0.389100, 0.390700, 0.212737, 1.208237
0.026500, 0.155300, 0.355500, 0.667600, 0.224200, 1.534200
0.009400, 0.104500, 0.341900, 0.496900, 0.084200, 1.083200
0.009400, 0.103600, 0.283900, 0.386200, 0.081000, 0.908100
0.008900, 0.099300, 0.283636, 0.360400, 0.079800, 0.890536
0.009000, 0.099000, 0.271200, 0.356900, 0.079500, 0.857700
0.009000, 0.099000, 0.282200, 0.364500, 0.080300, 0.877200
0.009000, 0.099300, 0.274900, 0.357500, 0.079500, 0.863000
0.008900, 0.099100, 0.270400, 0.364036, 0.079500, 0.864036
0.008900, 0.099200, 0.272900, 0.356700, 0.079300, 0.859000
0.009100, 0.099500, 0.273200, 0.357400, 0.079500, 0.859700
0.009000, 0.099000, 0.274200, 0.366100, 0.079700, 0.870300
0.009100, 0.098800, 0.270100, 0.357000, 0.079300, 0.855900
0.008900, 0.099500, 0.280337, 0.355900, 0.079600, 0.866037
0.008900, 0.099000, 0.271300, 0.696900, 0.080900, 1.200800
0.009000, 0.099400, 0.270600, 0.817600, 0.080600, 1.329200
0.009100, 0.100000, 0.272400, 1.067037, 0.105600, 1.603537
0.009100, 0.441900, 0.732700, 0.355900, 0.081300, 1.666400
0.009100, 0.099500, 0.277000, 0.358100, 0.080200, 0.867800
0.009200, 0.099300, 0.272100, 0.356200, 0.092636, 0.872736
0.008900, 0.099700, 0.270600, 0.353500, 0.079600, 0.855400
0.009000, 0.100100, 0.271500, 0.359200, 0.079900, 0.861600
0.008900, 0.099400, 0.270800, 0.356900, 0.079500, 0.864500
0.009200, 0.099500, 0.270100, 0.358400, 0.079800, 0.865000
0.009300, 0.173000, 0.468036, 0.357000, 0.081000, 1.133736
0.009300, 0.100300, 0.269900, 0.356400, 0.079700, 0.863600
0.008900, 0.099200, 0.271300, 0.357200, 0.079100, 0.857800
0.008900, 0.099600, 0.269900, 0.356900, 0.079100, 0.856300
0.008900, 0.099500, 0.273000, 0.370436, 0.079700, 0.873436
0.009000, 0.099100, 0.395800, 0.360800, 0.080700, 0.988500
0.009000, 0.099900, 0.271400, 0.358700, 0.079800, 0.861100
0.008900, 0.099400, 0.270800, 0.355900, 0.079100, 0.855800
0.008900, 0.099200, 0.271800, 0.359500, 0.078900, 0.860000
0.008900, 0.098600, 0.280637, 0.358500, 0.079500, 0.868337
0.008900, 0.099100, 0.271400, 0.359200, 0.079300, 0.859700
0.008900, 0.098700, 0.272400, 0.357600, 0.079300, 0.858300
0.008900, 0.098800, 0.269900, 0.357800, 0.079100, 0.856300
0.008900, 0.099100, 0.269300, 0.357400, 0.087536, 0.864336
0.008900, 0.099700, 0.271700, 0.353800, 0.079400, 0.855400
0.008900, 0.099200, 0.271000, 0.356300, 0.079000, 0.856000
0.008900, 0.098900, 0.272700, 0.358000, 0.083400, 0.863600
0.008900, 0.098800, 0.271800, 0.355800, 0.079500, 0.856800
0.009000, 0.099400, 0.279900, 0.367637, 0.080000, 0.877937
0.008900, 0.098900, 0.271800, 0.358400, 0.079200, 0.859400
0.008900, 0.099000, 0.270500, 0.356600, 0.079000, 0.855600
0.008900, 0.098700, 0.270100, 0.358500, 0.079200, 0.857200
0.008900, 0.099400, 0.270500, 0.353900, 0.079300, 0.853400
0.009000, 0.099400, 0.407736, 0.373700, 0.081000, 1.014236
0.009100, 0.099400, 0.272300, 0.357200, 0.078700, 0.864800
0.008900, 0.099100, 0.271600, 0.354200, 0.079500, 0.855200
0.008900, 0.098600, 0.270900, 0.358300, 0.079500, 0.857800
0.008900, 0.099000, 0.272900, 0.368036, 0.080000, 0.870736
0.008900, 0.099600, 0.274800, 0.357400, 0.079500, 0.861900
0.008900, 0.099100, 0.271300, 0.359500, 0.079000, 0.859700
0.009000, 0.099000, 0.271300, 0.355800, 0.079200, 0.856000
0.008900, 0.098900, 0.271400, 0.353800, 0.079800, 0.854300
0.008900, 0.099300, 0.280037, 0.355700, 0.079800, 0.865737
0.008900, 0.099000, 0.269500, 0.355600, 0.079200, 0.853900
0.008900, 0.098900, 0.269600, 0.358100, 0.079300, 0.856200
0.008900, 0.099000, 0.270700, 0.357500, 0.079300, 0.856900
0.009000, 0.099700, 0.269300, 0.364836, 0.079500, 0.864236
0.008900, 0.098900, 0.273500, 0.359100, 0.079200, 0.861200
0.008900, 0.099200, 0.270100, 0.353000, 0.079000, 0.851900
0.008900, 0.098900, 0.269900, 0.360600, 0.079300, 0.859400
0.008900, 0.099300, 0.270500, 0.356700, 0.079300, 0.856600
0.008900, 0.099000, 0.352537, 0.358000, 0.080700, 0.941737
0.009000, 0.099300, 0.271600, 0.355500, 0.079500, 0.857300
0.009000, 0.099400, 0.270600, 0.358200, 0.079100, 0.858000
0.009000, 0.098600, 0.271400, 0.359000, 0.079200, 0.859000
0.008900, 0.098900, 0.271600, 0.356700, 0.079200, 0.856800
