0.680500, 0.144200, 0.263900, 0.368150, 0.116900, 1.617650
0.679700, 0.146200, 0.263500, 0.355400, 0.116200, 1.604200
0.679800, 0.143700, 0.262900, 0.356000, 0.116600, 1.602100
0.690751, 0.139000, 0.263900, 1.060300, 0.135000, 2.333251
0.685000, 0.144200, 0.260500, 0.355000, 0.116900, 1.606600
0.695250, 0.139300, 0.264700, 0.354700, 0.117200, 1.614350
0.680500, 0.146900, 0.264100, 0.359700, 0.115800, 1.610200
0.679900, 0.145000, 0.262900, 0.364351, 0.117000, 1.612551
0.707200, 0.145000, 0.261700, 0.361100, 0.117300, 1.636000
0.679800, 0.143700, 0.260000, 0.353800, 0.116500, 1.596800
0.690150, 0.138400, 0.261500, 0.355200, 0.116300, 1.604150
0.679500, 0.143100, 0.263700, 0.353800, 0.116400, 1.599400
0.680600, 0.143900, 0.261900, 0.366951, 0.117000, 1.612751
1.038800, 0.139600, 0.261000, 0.354200, 0.117100, 1.955100
0.680100, 0.143700, 0.264100, 0.353700, 0.128250, 1.614150
0.680000, 0.144100, 0.260900, 0.354800, 0.117000, 1.599600
0.679600, 0.144200, 0.263300, 0.354200, 0.116900, 1.601100
0.680200, 0.154651, 0.264200, 0.354000, 0.117100, 1.613051
0.679500, 0.144700, 0.263400, 0.358700, 0.117100, 1.606400
0.679700, 0.143800, 0.262600, 0.354000, 0.126150, 1.609250
0.679500, 0.143900, 0.263000, 0.353500, 0.116700, 1.599400
0.679500, 0.143900, 0.261600, 0.354100, 0.116900, 1.598300
0.690651, 0.856200, 0.261800, 0.355100, 0.118100, 2.326851
0.682700, 0.144100, 0.264700, 0.354200, 0.116300, 1.606300
0.683600, 0.157050, 0.263400, 0.358700, 0.116800, 1.622450
0.679800, 0.143500, 0.259600, 0.350400, 0.116900, 1.593100
0.679800, 0.144300, 0.260200, 0.354600, 0.126651, 1.608551
0.680000, 0.144000, 0.260300, 0.354800, 0.116300, 1.598100
0.679500, 0.145100, 0.263200, 0.354600, 0.116200, 1.601600
0.732750, 0.138500, 0.264300, 0.355100, 0.116600, 1.650250
0.679700, 0.143700, 0.261800, 0.351800, 0.122100, 1.602000
0.679300, 0.143800, 0.263300, 1.298752, 0.118600, 2.548052
1.264600, 0.141300, 0.264300, 0.354000, 0.116800, 2.308600
0.700149, 0.139700, 0.262900, 0.350700, 0.116600, 1.614149
0.682200, 0.143800, 0.262100, 0.354500, 0.116200, 1.603000
0.679900, 0.143700, 0.261600, 0.365451, 0.116800, 1.610551
0.680800, 0.143600, 0.261700, 0.359100, 0.116700, 1.605200
0.679700, 0.144100, 0.259800, 0.354600, 0.116900, 1.597800
0.690050, 0.137700, 0.262600, 0.354600, 0.116200, 1.603650
0.679300, 0.143800, 0.263400, 0.353800, 0.116400, 1.599800
0.850500, 0.725353, 0.263000, 0.354800, 0.116800, 2.354753
0.685200, 0.145100, 0.263300, 0.354200, 0.116500, 1.608400
0.684800, 0.144000, 0.263600, 0.371648, 0.117500, 1.625248
0.679500, 0.143100, 0.261700, 0.354800, 0.116700, 1.598800
0.698600, 0.139400, 0.266600, 0.366651, 0.117300, 1.632251
0.683200, 0.144400, 0.261300, 0.354200, 0.116400, 1.603700
0.682300, 0.143900, 0.263700, 0.351300, 0.116300, 1.601100
0.690850, 0.138100, 0.265800, 0.354600, 0.116800, 1.608650
0.680200, 0.149100, 0.261000, 0.353600, 0.116500, 1.603300
1.893056, 0.141400, 0.265300, 0.352600, 0.117400, 2.814456
0.686400, 0.147600, 0.266700, 0.354200, 0.116700, 1.616600
0.683200, 0.156445, 0.261700, 0.353600, 0.116500, 1.615345
0.682100, 0.143900, 0.263500, 0.355400, 0.116700, 1.605000
0.680000, 0.144100, 0.265500, 0.397500, 0.127751, 1.658051
0.684600, 0.138900, 0.264800, 0.354500, 0.116500, 1.602300
0.679800, 0.143800, 0.266000, 0.363800, 0.126100, 1.627100
0.688950, 0.145800, 0.261300, 0.353700, 0.116800, 1.609450
0.680000, 0.143900, 0.260600, 0.353800, 0.116100, 1.597000
1.085300, 0.145300, 0.274751, 0.353700, 0.117600, 2.020351
0.695600, 0.145400, 0.265100, 0.354100, 0.117200, 1.627000
0.684200, 0.139100, 0.263800, 0.353900, 0.116700, 1.600600
0.690250, 0.139000, 0.262600, 0.354700, 0.116500, 1.605750
0.679900, 0.144300, 0.260400, 0.354000, 0.116800, 1.597900
0.680200, 0.146700, 0.270750, 0.354200, 0.117000, 1.611350
0.679400, 0.145600, 0.261900, 0.355600, 0.116400, 1.602200
0.679500, 0.143700, 0.261200, 0.353400, 0.116900, 1.597300
0.689051, 0.142700, 0.279600, 0.362700, 0.117300, 1.634551
0.828100, 0.726500, 0.265900, 0.354700, 0.117300, 2.336100
0.698150, 0.144100, 0.263900, 0.354100, 0.116300, 1.621050
0.684400, 0.144600, 0.265200, 0.353800, 0.117000, 1.608200
0.679800, 0.153951, 0.263100, 0.354100, 0.117100, 1.610951
0.680400, 0.144400, 0.262600, 0.355300, 0.116400, 1.602100
0.685300, 0.138600, 0.263400, 0.355400, 0.126350, 1.611650
0.679400, 0.144000, 0.262800, 0.354100, 0.116400, 1.599800
0.679500, 0.145100, 0.262800, 0.353800, 0.116500, 1.600500
0.739751, 0.138500, 0.262700, 0.354200, 0.116900, 1.654351
0.688400, 0.139000, 0.623700, 0.953600, 0.299900, 2.751300
1.366753, 0.139600, 0.260800, 0.354700, 0.117400, 2.317353
0.691500, 0.140000, 0.261400, 0.354300, 0.116700, 1.607700
0.691548, 0.138500, 0.263300, 0.354400, 0.116100, 1.606948
0.681300, 0.144200, 0.263200, 0.355100, 0.116300, 1.604000
0.680000, 0.143800, 0.262400, 0.366451, 0.117200, 1.613751
0.679400, 0.143500, 0.262700, 0.354100, 0.116400, 1.599600
0.693900, 0.138900, 0.263900, 0.353900, 0.116700, 1.610200
0.693750, 0.138900, 0.261700, 0.355100, 0.116400, 1.608850
1.484500, 0.143700, 0.265500, 0.355200, 0.117400, 2.410700
0.698150, 0.139100, 0.262700, 0.354700, 0.116500, 1.615850
0.683900, 0.144000, 0.264100, 0.354500, 0.116500, 1.606700
0.680400, 0.143900, 0.277051, 0.351400, 0.117400, 1.613251
0.681200, 0.143900, 0.262800, 0.354400, 0.116900, 1.602200
0.685500, 0.138800, 0.262200, 0.354300, 0.116500, 1.600600
0.689150, 0.138400, 0.261600, 0.353600, 0.116600, 1.602150
0.679500, 0.145200, 0.264100, 0.354000, 0.116400, 1.602200
0.680000, 0.143700, 0.274751, 0.351400, 0.117200, 1.610351
0.815200, 0.140800, 0.262200, 0.354000, 0.116800, 1.733000
0.680500, 0.143700, 0.261500, 0.353600, 0.128150, 1.612150
0.685300, 0.138700, 0.260200, 0.355300, 0.116500, 1.599400
0.679900, 0.145200, 0.262500, 0.354700, 0.116800, 1.602100
0.688751, 0.144500, 0.264600, 0.354100, 0.116600, 1.611151
0.679600, 0.144000, 0.263900, 0.354500, 0.116500, 1.601600
