0.090000, 0.299300, 1.515333, 1.950832, 0.206000, 4.116065
0.091200, 0.305900, 1.421900, 2.117532, 0.203400, 4.196832
0.091000, 0.305600, 1.547500, 1.985732, 0.204000, 4.190632
0.091300, 0.303900, 1.407100, 2.092633, 0.208200, 4.162033
0.091800, 0.305700, 1.427800, 1.867664, 0.196400, 3.945064
0.091100, 0.301900, 1.410700, 1.860832, 0.204200, 3.924732
0.090800, 0.313631, 1.426400, 1.811000, 0.189900, 3.882331
0.088700, 0.297300, 1.444933, 1.816500, 0.198500, 3.895433
1.784841, 0.319400, 1.477200, 1.876800, 0.197200, 5.710841
0.108900, 0.348600, 1.444100, 1.815200, 0.193800, 3.987132
0.091900, 0.333100, 1.427800, 1.841300, 0.189900, 3.949633
0.102532, 0.317800, 1.539732, 1.809200, 0.194900, 4.112464
0.090000, 0.314532, 1.412400, 1.810200, 0.189500, 3.865032
0.089000, 0.296900, 1.415232, 1.815700, 0.204900, 3.868932
0.087200, 0.296900, 1.412632, 2.051800, 0.190800, 4.093132
0.088400, 0.297200, 1.418133, 1.811400, 0.190300, 3.852333
0.088400, 0.329300, 1.413832, 1.805900, 0.189000, 3.872432
0.088200, 0.294700, 1.416332, 1.805500, 0.188700, 3.839832
0.087000, 0.293300, 1.428832, 2.002900, 0.189800, 4.048432
0.087200, 0.296300, 1.412932, 1.812700, 0.189700, 3.845332
0.087700, 0.294900, 1.470032, 1.806900, 0.189800, 3.896332
0.087700, 0.296100, 1.410232, 1.806000, 0.189300, 3.836332
0.087300, 0.298800, 1.419100, 2.092400, 0.192200, 4.138600
0.089100, 0.311832, 1.412200, 1.808300, 0.190400, 3.859832
0.089500, 0.309432, 1.405200, 1.805600, 0.189100, 3.845332
0.088800, 0.295100, 1.420632, 1.806400, 0.189100, 3.846832
0.087300, 0.293300, 1.415632, 2.072000, 0.191200, 4.106432
0.088500, 0.296700, 1.420732, 1.809300, 0.190000, 3.852832
0.088300, 0.297400, 1.413033, 1.804300, 0.189500, 3.838633
0.087100, 0.294700, 1.417032, 1.803800, 0.188800, 3.837432
0.087600, 0.303200, 3.005932, 1.822532, 0.195000, 5.463164
0.089500, 0.301900, 1.454800, 1.822832, 0.189000, 3.919432
0.089500, 0.296500, 1.401300, 1.819632, 0.190200, 3.843032
0.088000, 0.295700, 1.439200, 1.850632, 0.189000, 3.908232
0.087900, 0.438800, 1.412600, 1.821033, 0.189800, 3.997033
0.088100, 0.297400, 1.403200, 1.807300, 0.200032, 3.842532
0.087900, 0.296100, 1.470900, 1.848600, 0.200132, 3.950432
0.088200, 0.296900, 1.406100, 1.864400, 0.189700, 3.891900
0.220700, 0.299000, 1.402000, 1.879600, 0.199032, 4.078564
0.088400, 0.297100, 1.405900, 1.807900, 0.189400, 3.834900
0.088400, 0.296400, 1.402300, 1.875100, 0.189900, 3.907032
0.096232, 0.295700, 1.400500, 1.879100, 2.382837, 6.111069
0.132400, 5.562160, 1.637800, 2.163600, 0.635932, 10.242492
0.284400, 2.192600, 1.836432, 4.461535, 2.673329, 11.536396
0.129600, 0.604000, 3.737133, 3.799732, 0.227000, 8.565565
0.099000, 0.327800, 3.017132, 2.177500, 0.209300, 5.892532
0.094100, 0.311600, 1.451732, 1.847700, 0.193600, 3.949732
0.091600, 0.304200, 1.443132, 1.849000, 0.346600, 4.097132
0.090100, 0.415800, 2.429932, 2.470932, 0.220600, 5.677864
0.095300, 0.318600, 1.504800, 1.859133, 0.193400, 4.021233
0.090600, 0.303500, 1.434000, 1.852732, 0.193100, 3.921932
0.090600, 0.302100, 1.924700, 1.876432, 0.200700, 4.445332
0.091500, 0.308700, 1.440300, 1.858632, 0.193100, 3.941332
0.090700, 0.304300, 1.432700, 1.858132, 0.193100, 3.926532
0.090800, 0.303600, 1.432200, 1.858032, 0.193000, 3.925132
0.090300, 0.304300, 1.653000, 1.858932, 0.195700, 4.151032
0.091100, 0.304500, 1.436400, 1.857833, 0.193400, 3.931533
0.091000, 0.302900, 1.436300, 1.886132, 0.193700, 3.957732
0.090300, 0.303700, 1.430600, 1.856732, 0.192900, 3.921632
0.090300, 0.303100, 1.603600, 1.853332, 0.194900, 4.093532
0.090900, 0.304800, 1.441700, 1.857132, 0.193600, 3.935532
0.090300, 0.303200, 1.435500, 1.858232, 0.194000, 3.928032
0.089600, 0.330600, 1.440100, 1.856732, 0.193200, 3.957532
0.089200, 0.405700, 1.436900, 1.855133, 0.193800, 4.029133
0.090200, 0.303100, 1.436400, 1.857632, 0.193200, 3.928232
0.089600, 0.303600, 1.432000, 1.858632, 0.193200, 3.924532
0.089700, 0.301900, 1.439600, 1.857532, 0.193300, 3.929132
0.090400, 0.303900, 1.436700, 1.865832, 0.194100, 4.046332
0.089900, 0.304700, 1.436300, 1.859532, 0.193400, 3.930932
0.090200, 0.303200, 1.438700, 1.858932, 0.193800, 3.932132
0.089600, 0.301700, 1.523400, 1.945033, 0.194200, 4.102433
0.090300, 0.322600, 1.585600, 2.007232, 0.198700, 4.254832
0.090100, 0.302000, 1.412300, 1.830732, 0.191500, 3.876232
0.089300, 0.300400, 1.412100, 1.825932, 0.191100, 3.865832
0.089900, 0.298500, 1.405100, 1.926432, 0.194700, 3.961832
0.089000, 0.297600, 1.401500, 1.820032, 0.189200, 3.845832
0.088600, 0.299000, 1.402700, 1.819432, 0.189500, 3.845832
0.087900, 0.297000, 1.404600, 1.817633, 0.192700, 3.846633
0.088400, 0.296700, 1.405700, 2.242232, 0.196900, 4.277332
0.091400, 0.306900, 1.434800, 1.838032, 0.191400, 3.912932
0.089300, 0.299300, 1.414000, 1.818232, 0.194300, 3.861432
0.089200, 0.298200, 1.404000, 1.854032, 0.190000, 3.881932
0.089600, 0.298300, 1.449000, 2.182532, 0.194400, 4.261832
0.090300, 0.299900, 1.409700, 1.870932, 0.194400, 3.915532
0.090100, 0.300600, 1.407900, 1.827333, 0.190200, 3.864033
0.089800, 0.299100, 1.403800, 1.852432, 0.190400, 3.882732
0.088500, 0.297100, 1.413300, 1.950132, 0.204800, 4.001532
0.089900, 0.300100, 1.442900, 1.823532, 0.191800, 3.911932
0.090000, 0.299500, 1.403300, 1.817400, 0.198332, 3.855132
0.089100, 0.297800, 1.440600, 1.813200, 0.201232, 3.889132
0.088500, 0.297300, 1.408900, 1.983900, 0.234132, 4.061432
0.088600, 0.299200, 1.411500, 1.844200, 0.221433, 3.912533
0.088800, 0.298700, 1.408100, 1.898200, 0.203432, 3.959932
0.089200, 0.298000, 1.407900, 1.813100, 0.194800, 3.850700
0.098332, 0.298300, 1.406900, 1.963100, 0.190200, 4.004632
0.099632, 0.296700, 1.404100, 1.811400, 0.189100, 3.848032
0.088200, 0.324532, 1.440900, 1.821400, 0.193900, 3.921232
0.090100, 0.344332, 1.457400, 1.825200, 0.233700, 4.009632
0.092700, 0.330632, 1.455732, 1.821200, 0.212500, 3.969564
0.105800, 0.300500, 1.505032, 1.836832, 0.204500, 4.010864
