0.695030, 0.171600, 0.464900, 0.635600, 0.133300, 2.145230
0.797300, 0.172600, 0.463700, 0.633400, 0.134000, 2.254930
0.680700, 0.175600, 0.465400, 0.633400, 0.133500, 2.132400
0.684300, 0.170600, 0.467600, 0.643029, 0.133600, 2.142229
0.679400, 0.175500, 0.473200, 0.632900, 0.133500, 2.137800
0.679600, 0.174700, 0.466200, 0.637930, 0.133800, 2.135130
0.679600, 0.175400, 0.464900, 0.629300, 0.133100, 2.125100
0.683700, 0.170500, 0.474830, 0.631600, 0.133400, 2.136730
0.679700, 0.174900, 0.606700, 0.632100, 0.134900, 2.272400
0.679700, 0.186030, 0.464600, 0.632300, 0.133800, 2.140130
0.679400, 0.175200, 0.466100, 0.632400, 0.133300, 2.128800
0.692030, 0.171000, 0.471100, 0.633200, 0.133700, 2.143730
0.679400, 0.174700, 0.464500, 0.631900, 0.133300, 2.131800
0.689329, 0.171300, 0.468700, 0.632500, 0.133300, 2.138529
0.679700, 0.175400, 0.465600, 0.633200, 0.133400, 2.137930
0.679500, 0.175200, 0.466900, 0.863200, 0.134600, 2.363900
1.116200, 0.171800, 0.482730, 0.633600, 0.133700, 2.583030
0.682900, 0.175500, 0.465300, 0.633100, 0.133100, 2.133600
0.679300, 0.185030, 0.467700, 0.632400, 0.133800, 2.141530
0.679600, 0.174400, 0.471100, 0.646000, 0.140500, 2.155100
0.693130, 0.170600, 0.465700, 0.633000, 0.133100, 2.138630
0.679600, 0.175600, 0.466000, 0.628400, 0.133300, 2.126300
0.688729, 0.170900, 0.466600, 0.781100, 0.134500, 2.285829
0.683500, 0.171400, 0.465000, 0.638130, 0.134000, 2.135930
0.680000, 0.175200, 0.462000, 0.633200, 0.133600, 2.127500
0.679300, 0.175000, 0.466900, 0.643830, 0.133600, 2.141630
0.679500, 0.174800, 0.465100, 0.638100, 0.133700, 2.134400
0.679100, 0.175100, 0.466700, 0.644630, 0.134000, 2.142830
0.711400, 0.170900, 0.475800, 0.630700, 0.134300, 2.166300
0.679100, 0.174800, 0.475630, 0.799100, 0.135000, 2.307630
0.679700, 0.179600, 0.467600, 0.632900, 0.133700, 2.136600
0.691329, 0.170600, 0.466200, 0.629800, 0.133300, 2.134529
0.679500, 0.174300, 0.465800, 0.630800, 0.133000, 2.126700
0.690030, 0.171000, 0.464500, 0.630700, 0.133100, 2.131930
0.684400, 0.170600, 0.466700, 0.629300, 0.144030, 2.138630
0.679500, 0.175100, 0.468600, 0.632400, 0.132800, 2.131300
0.679100, 0.175700, 0.465900, 0.643130, 0.133400, 2.140230
0.794600, 0.171500, 0.465200, 0.636700, 0.133900, 2.245600
0.679200, 0.175000, 0.466300, 0.638130, 0.133600, 2.135530
0.679100, 0.175200, 0.465400, 0.632500, 0.133600, 2.128600
0.679100, 0.174300, 0.476929, 0.631900, 0.134000, 2.139029
0.679200, 0.179200, 0.471300, 0.617100, 0.130500, 2.120100
0.664900, 0.171600, 0.465230, 0.619300, 0.130700, 2.093830
0.664900, 0.171600, 0.455300, 0.696100, 0.131900, 2.162700
1.135530, 0.185700, 0.469100, 0.659200, 0.131500, 2.625930
0.712900, 0.168700, 0.458200, 0.628830, 0.130400, 2.142230
0.668400, 0.173700, 0.474400, 0.635100, 0.130900, 2.124500
0.665400, 0.174500, 0.458500, 0.629530, 0.131000, 2.102030
0.666200, 0.171900, 0.458600, 0.622600, 0.130700, 2.092300
0.665500, 0.172700, 0.474000, 0.626729, 0.131200, 2.112629
0.665100, 0.171600, 0.458700, 0.617400, 0.130800, 2.085800
0.665100, 0.173500, 0.576630, 0.620000, 0.132000, 2.209530
0.665300, 0.173400, 0.461100, 0.618400, 0.131200, 2.092500
0.665000, 0.171100, 0.464230, 0.652600, 0.130600, 2.125830
0.665100, 0.171700, 0.455600, 0.619000, 0.130500, 2.084200
0.676730, 0.166900, 0.455000, 0.617800, 0.131000, 2.089230
0.722300, 0.167800, 0.456100, 0.670000, 0.131900, 2.191600
0.676730, 0.168000, 0.488700, 0.618600, 0.130900, 2.125930
0.697600, 0.171500, 0.457100, 0.748200, 0.131400, 2.257829
0.666600, 0.171700, 0.457900, 0.673100, 0.131000, 2.143200
0.665700, 0.172900, 0.455100, 0.629030, 0.130900, 2.096130
0.665900, 0.290100, 0.472400, 0.623600, 0.132200, 2.227700
0.665200, 0.172100, 0.457200, 0.630930, 0.131300, 2.099630
0.666000, 0.171200, 0.511900, 0.620100, 0.130900, 2.142200
0.665400, 0.171900, 0.470530, 0.620200, 0.130800, 2.101730
0.665700, 0.171600, 0.454400, 0.623600, 0.130500, 2.165800
0.725500, 0.177430, 0.464400, 0.617600, 0.131500, 2.232730
0.665200, 0.174700, 0.460900, 0.620200, 0.130900, 2.094300
0.678429, 0.166800, 0.455600, 0.618300, 0.130400, 2.091629
0.665100, 0.171200, 0.457000, 0.617400, 0.130400, 2.090100
0.673430, 0.167100, 0.464100, 0.616400, 0.131000, 2.094430
0.664900, 0.172400, 0.456100, 0.620600, 0.130400, 2.086900
0.676430, 0.167700, 0.456800, 0.620400, 0.130800, 2.094430
0.757300, 0.167700, 0.455600, 0.620200, 0.140530, 2.183730
0.665000, 0.182100, 0.475400, 0.625500, 0.131400, 2.122800
0.665100, 0.172400, 0.455300, 0.624030, 0.131400, 2.090630
0.681000, 0.206600, 0.494000, 0.617500, 0.130600, 2.172500
0.665800, 0.177500, 0.458200, 0.627029, 0.131000, 2.102029
0.665100, 0.198900, 0.459400, 0.621000, 0.130200, 2.130100
0.665500, 0.171700, 0.466630, 0.618700, 0.131000, 2.095430
0.665400, 0.201300, 0.580900, 0.619600, 0.132100, 2.242500
0.665300, 0.182130, 0.456000, 0.618700, 0.130900, 2.095430
0.669900, 0.167200, 0.457300, 0.620300, 0.130600, 2.087200
0.673730, 0.167900, 0.457400, 0.617300, 0.130500, 2.088830
0.696400, 0.171500, 0.457500, 0.617700, 0.130700, 2.116200
0.674530, 0.167200, 0.458100, 0.619500, 0.130300, 2.091730
0.665100, 0.171700, 0.486000, 0.622000, 0.130600, 2.117800
0.673929, 0.167400, 0.457100, 0.617100, 0.507700, 2.466029
0.925500, 0.172000, 0.457300, 0.624430, 0.131200, 2.375830
0.665700, 0.171700, 0.456700, 0.617200, 0.131000, 2.084800
0.665000, 0.171600, 0.466430, 0.620000, 0.131100, 2.096730
0.669500, 0.167100, 0.455200, 0.618300, 0.130800, 2.082800
0.664900, 0.171800, 0.464630, 0.619600, 0.130600, 2.093430
0.665500, 0.171800, 0.457400, 0.618500, 0.130900, 2.086000
0.665000, 0.182130, 0.458000, 0.617300, 0.130500, 2.095030
1.161800, 0.168700, 0.456500, 0.626000, 0.131000, 2.588100
0.678529, 0.167600, 0.454500, 0.620500, 0.130900, 2.095229
0.666300, 0.173600, 0.458200, 0.621200, 0.139530, 2.100930
0.665300, 0.171500, 0.456100, 0.622500, 0.130300, 2.087700
0.665500, 0.172300, 0.487800, 0.620730, 0.130700, 2.119430
