0.088500, 0.096100, 0.176400, 0.236200, 0.081400, 0.721400
0.088300, 0.095800, 0.180400, 0.236000, 0.081400, 0.723400
0.088600, 0.096200, 0.177000, 0.236000, 0.081000, 0.720400
0.088300, 0.096500, 0.181100, 0.244036, 0.081600, 0.733136
0.088300, 0.095500, 0.177200, 0.236900, 0.081300, 0.720800
0.088200, 0.095600, 0.178100, 0.236100, 0.081300, 0.720800
0.088200, 0.095800, 0.180300, 0.235700, 0.081300, 0.722900
0.088200, 0.095700, 0.177800, 0.237200, 0.081100, 0.721200
0.088200, 0.096300, 0.175500, 0.236300, 0.080700, 0.718800
0.096135, 0.096500, 0.179400, 0.237100, 0.081600, 0.732335
0.088400, 0.095800, 0.176400, 0.236700, 0.081200, 0.719800
0.088200, 0.100000, 0.177900, 0.236800, 0.081200, 0.725700
0.088300, 0.095900, 0.180700, 0.236100, 0.080900, 0.723300
0.088200, 0.095900, 0.180500, 0.236700, 0.081100, 0.723600
0.088300, 0.095400, 0.178900, 0.244200, 0.102700, 0.977800
0.088500, 0.096200, 0.187500, 0.256900, 0.082400, 0.754600
0.088400, 0.096200, 0.180300, 0.236500, 0.081300, 0.725100
0.088600, 0.096500, 0.175300, 0.236600, 0.081200, 0.726800
0.088200, 0.096000, 0.178000, 0.234000, 0.081500, 0.719400
0.088200, 0.095700, 0.177200, 0.244436, 0.081700, 0.729136
0.088300, 0.096300, 0.174900, 0.234400, 0.081400, 0.716900
0.088300, 0.095500, 0.178600, 0.237200, 0.081500, 0.722700
0.088200, 0.095900, 0.176400, 0.237400, 0.081100, 0.720700
0.088200, 0.095600, 0.180700, 0.236700, 0.081500, 0.724100
0.088300, 0.096300, 0.182600, 0.236700, 0.081500, 0.727000
0.096236, 0.096400, 0.178200, 0.236800, 0.081700, 0.731236
0.088300, 0.095800, 0.176300, 0.237100, 0.081100, 0.719800
0.088200, 0.095900, 0.178700, 0.237600, 0.081400, 0.722900
0.088200, 0.096000, 0.178100, 0.237200, 0.081100, 0.721900
0.088200, 0.095600, 0.178800, 0.234600, 0.081400, 0.720300
0.088200, 0.095200, 0.177300, 0.245235, 0.081700, 0.729235
0.088200, 0.096000, 0.177900, 0.236700, 0.081100, 0.721300
0.088300, 0.096500, 0.176400, 0.236900, 0.081400, 0.720800
0.088200, 0.096100, 0.179100, 0.236900, 0.081100, 0.723200
0.088200, 0.096000, 0.177700, 0.237100, 0.089200, 0.729700
0.088300, 0.095900, 0.176200, 0.258100, 0.105100, 0.766700
0.088600, 0.096600, 0.184400, 0.235800, 0.081600, 0.731500
0.088300, 0.095900, 0.180300, 0.236100, 0.081600, 0.723400
0.088200, 0.096200, 0.178600, 0.237800, 0.081200, 0.724000
0.088300, 0.095700, 0.179000, 0.236600, 0.081300, 0.722400
0.088200, 0.096100, 0.191736, 0.236100, 0.082400, 0.736136
0.088400, 0.096200, 0.179700, 0.237000, 0.081400, 0.724600
0.088200, 0.096000, 0.180100, 0.236300, 0.081400, 0.723400
0.088300, 0.095800, 0.176600, 0.237300, 0.081200, 0.720800
0.088300, 0.095700, 0.176300, 0.236600, 0.081400, 0.719500
0.088300, 0.095600, 0.178100, 0.236200, 0.093635, 0.733535
0.088300, 0.095900, 0.177800, 0.237200, 0.081300, 0.722100
0.088200, 0.095500, 0.177900, 0.236900, 0.081100, 0.721200
0.088300, 0.095500, 0.182400, 0.236900, 0.081700, 0.725800
0.088300, 0.095800, 0.176500, 0.236900, 0.081300, 0.720300
0.088200, 0.095700, 0.176600, 0.237600, 0.081200, 0.721100
0.088300, 0.095800, 0.195736, 0.236200, 0.082200, 0.739936
0.088400, 0.096700, 0.176900, 0.236600, 0.081700, 0.721800
0.088400, 0.096100, 0.178900, 0.236700, 0.081300, 0.730700
0.088200, 0.096100, 0.179800, 0.235700, 0.081300, 0.722300
0.088300, 0.096100, 0.179100, 0.235800, 0.081400, 0.722000
0.104400, 0.097300, 0.178700, 0.249836, 0.082800, 0.756036
0.088300, 0.096800, 0.177700, 0.236600, 0.081600, 0.723400
0.088300, 0.095400, 0.179100, 0.237600, 0.081300, 0.723100
0.088300, 0.096200, 0.178900, 0.236500, 0.081000, 0.722900
0.092500, 0.095800, 0.177000, 0.237300, 0.081300, 0.725200
0.088200, 0.096000, 0.175700, 0.236700, 0.081100, 0.719300
0.088200, 0.106036, 0.177800, 0.237500, 0.081700, 0.733136
0.088400, 0.095500, 0.177800, 0.237400, 0.081200, 0.721700
0.088200, 0.095600, 0.193000, 0.236400, 0.081800, 0.737000
0.088300, 0.095900, 0.178300, 0.236800, 0.081300, 0.722300
0.088200, 0.095900, 0.178900, 0.236900, 0.081200, 0.722200
0.088300, 0.096000, 0.176900, 0.245635, 0.081500, 0.729935
0.088300, 0.095800, 0.179000, 0.235900, 0.081400, 0.722100
0.088200, 0.096100, 0.179200, 0.237000, 0.081200, 0.723700
0.088200, 0.095800, 0.178000, 0.237200, 0.081200, 0.721800
0.088500, 0.095900, 0.175500, 0.241500, 0.081500, 0.724000
0.088300, 0.095700, 0.177400, 0.236200, 0.081300, 0.720300
0.088300, 0.104236, 0.177200, 0.236300, 0.081400, 0.729336
0.088400, 0.096400, 0.174500, 0.248000, 0.082700, 0.732300
0.088400, 0.096600, 0.178100, 0.294000, 0.082500, 0.782700
0.088300, 0.096400, 0.295300, 0.236300, 0.083400, 0.842600
0.088300, 0.114500, 0.187836, 0.236300, 0.081800, 0.751536
0.151400, 0.096400, 0.177500, 0.237400, 0.081200, 0.787500
0.088300, 0.096200, 0.179700, 0.236900, 0.081700, 0.724900
0.088400, 0.095600, 0.176700, 0.234800, 0.081000, 0.717800
0.088300, 0.096300, 0.178200, 0.234100, 0.081500, 0.719900
0.088200, 0.096100, 0.178800, 0.240300, 0.092335, 0.737735
0.088300, 0.096100, 0.177900, 0.234100, 0.081200, 0.719500
0.088300, 0.095700, 0.176100, 0.237000, 0.081300, 0.719700
0.088300, 0.096000, 0.175800, 0.236900, 0.081000, 0.719900
0.088300, 0.095600, 0.177400, 0.235000, 0.080800, 0.718400
0.088300, 0.095400, 0.178100, 0.234600, 0.081500, 0.719300
0.088200, 0.095900, 0.190036, 0.235200, 0.082100, 0.733336
0.088300, 0.095900, 0.176300, 0.237700, 0.081600, 0.721900
0.088200, 0.095900, 0.182000, 0.237100, 0.081600, 0.726400
0.088300, 0.096000, 0.176500, 0.234200, 0.081400, 0.718100
0.088500, 0.095900, 0.178100, 0.234400, 0.081400, 0.719900
0.088300, 0.095800, 0.177400, 0.242536, 0.081900, 0.728136
0.088500, 0.096200, 0.181700, 0.236900, 0.081300, 0.726600
0.088300, 0.095600, 0.180000, 0.234400, 0.081200, 0.721200
0.088300, 0.095600, 0.176700, 0.234700, 0.081300, 0.718100
0.088400, 0.096100, 0.177900, 0.341800, 0.083700, 0.831200
0.088400, 0.096500, 0.178200, 0.234100, 0.081400, 0.720900
0.088200, 0.105936, 0.175200, 0.234100, 0.081800, 0.727036
