0.086900, 0.137400, 0.374500, 0.503400, 0.108000, 1.253300
0.086800, 0.137400, 0.374800, 0.504500, 0.108500, 1.254000
0.086800, 0.136600, 0.406700, 0.513534, 0.108700, 1.294234
0.086800, 0.137300, 0.371800, 0.506500, 0.107800, 1.252400
0.086700, 0.137700, 0.378700, 0.640300, 0.110300, 1.397500
0.086800, 0.137900, 0.408500, 0.513535, 0.108900, 1.298635
0.086700, 0.137200, 0.374900, 0.502800, 0.108100, 1.252100
0.086600, 0.137800, 0.373900, 0.498300, 0.107600, 1.246600
0.086700, 0.137500, 0.407300, 0.502800, 0.107900, 1.284000
0.087000, 0.137700, 0.374800, 0.500400, 0.107900, 1.250600
0.086700, 0.136800, 0.375600, 0.504700, 0.108100, 1.254100
0.086600, 0.137600, 0.469300, 0.662000, 0.116934, 1.515034
0.119100, 0.137900, 0.373700, 0.502900, 0.108000, 1.283900
0.086600, 0.138000, 0.374700, 0.507200, 0.108800, 1.256900
0.086600, 0.137300, 0.374000, 0.534000, 0.108600, 1.282700
0.086700, 0.148735, 0.372800, 0.502700, 0.108000, 1.261735
0.086800, 0.137000, 0.374300, 0.632900, 0.109600, 1.383800
0.086700, 0.137200, 0.392100, 0.504300, 0.108800, 1.271800
0.086700, 0.145634, 0.375800, 0.505400, 0.108400, 1.264134
0.087300, 0.140900, 0.375100, 0.501800, 0.108000, 1.255200
0.086600, 0.137000, 0.375000, 0.502900, 0.107800, 1.251200
0.087100, 0.137100, 0.381835, 0.499900, 0.108500, 1.256335
0.086900, 0.137800, 0.375000, 0.505300, 0.107500, 1.254900
0.086700, 0.137200, 0.558900, 0.592300, 0.212900, 1.632200
0.170300, 0.206200, 0.553600, 0.516600, 0.175600, 1.688634
0.088600, 0.141200, 0.381600, 0.515800, 0.110700, 1.284100
0.088400, 0.140200, 0.394500, 0.523034, 0.110800, 1.300434
0.088500, 0.140000, 0.382300, 0.516000, 0.110100, 1.280000
0.089100, 0.141200, 0.381900, 0.512900, 0.111100, 1.370800
0.088400, 0.140800, 0.381400, 0.512700, 0.120535, 1.286935
0.088500, 0.140300, 0.381100, 0.511800, 0.110300, 1.275500
0.088600, 0.139300, 0.384100, 0.514900, 0.110200, 1.279400
0.088600, 0.139900, 0.382100, 0.513100, 0.110100, 1.275900
0.096734, 0.140300, 0.382500, 0.511500, 0.114800, 1.289034
0.088500, 0.140500, 0.384000, 0.514000, 0.110300, 1.280200
0.088300, 0.139800, 0.383500, 0.512600, 0.110500, 1.277900
0.088500, 0.148634, 0.384000, 0.514800, 0.110800, 1.289734
0.088600, 0.140300, 0.380900, 0.514500, 0.110400, 1.277700
0.088400, 0.140000, 0.382400, 0.517800, 0.110500, 1.281800
0.088500, 0.140800, 0.393035, 0.512900, 0.110700, 1.289135
0.125500, 0.143800, 0.386500, 0.517200, 0.111500, 1.731700
0.089000, 0.141300, 0.419600, 0.513800, 0.124534, 1.333234
0.089000, 0.141500, 0.381600, 0.512100, 0.109900, 1.277600
0.088500, 0.140900, 0.478700, 0.514100, 0.112100, 1.378000
0.089100, 0.140700, 0.383500, 0.591900, 2.112935, 3.365735
0.090400, 0.142400, 0.383600, 0.521400, 0.111700, 1.295200
0.090000, 0.140600, 0.396634, 0.516500, 0.111100, 1.298934
0.088700, 0.140700, 0.380200, 0.516300, 0.110500, 1.279400
0.088500, 0.139900, 0.382800, 0.518100, 0.110400, 1.283000
0.088500, 0.140400, 0.383100, 0.522834, 0.111100, 1.295134
0.088500, 0.260600, 0.383900, 0.515800, 0.110800, 1.403900
0.088500, 0.140200, 0.383800, 0.514300, 0.110500, 1.280600
0.088600, 0.139900, 0.381600, 0.527235, 0.110600, 1.291435
0.088700, 0.139200, 0.384300, 0.516300, 0.110000, 1.281400
0.088500, 0.139800, 0.382600, 0.514700, 0.110500, 1.279100
0.088500, 0.144400, 0.382900, 0.524234, 0.110500, 1.294134
0.088500, 0.140500, 0.381800, 0.515100, 0.110400, 1.280400
0.088500, 0.140300, 0.382800, 0.511700, 0.110800, 1.276500
0.097200, 0.148400, 0.394000, 0.530934, 0.111200, 1.325234
0.088700, 0.140300, 0.382900, 0.515300, 0.110500, 1.280700
0.088500, 0.140100, 0.385400, 0.514300, 0.110100, 1.281000
0.088600, 0.140100, 0.381500, 0.531135, 0.110800, 1.295035
0.183400, 0.156000, 0.589900, 0.842200, 0.117900, 1.944000
0.089800, 0.141200, 0.380700, 0.515500, 0.110800, 1.283000
0.089200, 0.140600, 0.396334, 0.512400, 0.111300, 1.294934
0.089000, 0.140600, 0.532700, 0.514900, 0.111900, 1.438300
0.088900, 0.140500, 0.382300, 0.515000, 0.110400, 1.281400
0.088600, 0.140300, 0.394134, 0.520500, 0.110700, 1.298234
0.088800, 0.140100, 0.383400, 0.517200, 0.110100, 1.282800
0.088600, 0.139800, 0.382600, 0.515800, 0.110000, 1.279500
0.088600, 0.139700, 0.391135, 0.520200, 0.111200, 1.294435
0.088800, 0.154600, 0.400600, 0.516100, 0.110800, 1.314500
0.088500, 0.140000, 0.386900, 0.512200, 0.110100, 1.280600
0.088600, 0.140400, 0.473534, 0.513200, 0.112300, 1.372434
0.092600, 0.141100, 0.381400, 0.514300, 0.110800, 1.283500
0.088600, 0.140400, 0.383100, 0.517100, 0.110600, 1.283000
0.088700, 0.140400, 0.393034, 0.515300, 0.110600, 1.290434
0.088500, 0.139700, 0.383200, 0.515700, 0.110500, 1.280800
0.088500, 0.140100, 0.382700, 0.514600, 0.110100, 1.278700
0.088400, 0.139900, 0.381200, 0.524435, 0.111400, 1.288535
0.088600, 0.140000, 0.384300, 0.521100, 0.110700, 1.287900
0.088600, 0.140300, 0.384300, 0.517700, 0.110300, 1.284300
0.088500, 0.140500, 0.381900, 0.521934, 0.110800, 1.286834
0.088800, 0.139800, 0.382600, 0.516700, 0.110200, 1.281400
0.088600, 0.140300, 0.383200, 0.514900, 0.110500, 1.279800
0.088400, 0.139900, 0.440100, 0.523534, 0.112600, 1.349534
0.088600, 0.140600, 0.382400, 0.530100, 0.110700, 1.296000
0.096100, 0.140400, 0.390000, 0.516500, 0.110900, 1.305100
0.088700, 0.139700, 0.381500, 0.524535, 0.110800, 1.288835
0.088500, 0.139800, 0.382400, 0.516500, 0.110300, 1.280800
0.088600, 0.139600, 0.382100, 0.512100, 0.110100, 1.275300
0.088500, 0.139700, 0.381700, 0.522834, 0.111100, 1.286834
0.088500, 0.140200, 0.383500, 0.517800, 0.110400, 1.283000
0.088500, 0.140200, 0.384800, 0.515500, 0.110700, 1.282800
0.088600, 0.140000, 0.386300, 0.518000, 0.118335, 1.294535
0.088500, 0.140000, 0.384000, 0.517600, 0.110100, 1.283900
0.088500, 0.139900, 0.384400, 0.513600, 0.110200, 1.279300
0.088600, 0.139900, 0.450200, 0.516500, 0.112000, 1.351600
0.088800, 0.140500, 0.382400, 0.516600, 0.110800, 1.292034
0.088500, 0.140400, 0.383800, 0.517200, 0.110300, 1.283400
