1.057100, 0.138700, 0.369800, 0.486700, 0.108600, 2.206400
0.680500, 0.140600, 0.382038, 0.486000, 0.109800, 1.843038
0.666600, 0.143600, 0.370400, 0.490900, 0.108500, 1.823600
0.666700, 0.144600, 0.368300, 0.496338, 0.108400, 1.827038
0.682300, 0.140500, 0.364000, 0.478100, 0.106100, 1.825300
0.651500, 0.135400, 0.361800, 0.478700, 0.106200, 1.774700
0.661638, 0.135400, 0.362500, 0.477100, 0.106000, 1.783538
0.651600, 0.136200, 0.362600, 0.476200, 0.106200, 1.774200
0.663238, 0.136400, 2.646000, 4.311138, 0.128000, 7.937476
0.825537, 0.174500, 0.378200, 0.527100, 0.113600, 2.093637
0.723200, 0.159500, 0.422200, 0.893800, 0.137400, 2.383100
1.237539, 0.261600, 0.387600, 0.877800, 0.191600, 3.045939
1.130537, 0.781500, 0.631700, 0.602200, 0.115200, 3.327537
0.767000, 0.141400, 0.386800, 0.529238, 0.109800, 1.981138
0.692600, 0.205300, 0.371500, 0.491400, 0.106400, 1.910800
0.652700, 0.136300, 0.359000, 0.540700, 0.118638, 1.849838
0.652700, 0.136700, 0.394400, 0.478500, 0.106600, 1.810200
0.651600, 0.135500, 0.361000, 0.481800, 0.106800, 1.778300
0.695838, 0.135600, 0.359600, 0.506500, 0.106500, 1.845338
0.652100, 0.136100, 0.361000, 0.477200, 0.106600, 1.774100
1.038538, 0.136300, 0.364400, 0.510400, 0.106800, 2.198538
0.653200, 0.136300, 0.362500, 0.476800, 0.106600, 1.777400
0.698638, 0.136900, 0.360200, 0.477300, 0.135000, 1.849638
0.656500, 0.135800, 0.362300, 0.477700, 0.105900, 1.779300
0.651600, 0.135300, 0.400137, 0.553800, 0.120000, 1.902237
0.725100, 0.137600, 0.361000, 0.475900, 0.106400, 1.848000
0.712538, 0.137600, 0.362300, 0.474800, 0.106600, 1.836738
0.742600, 0.140200, 0.374000, 0.479900, 0.107000, 1.885600
0.826038, 0.139100, 0.370600, 0.487100, 0.108600, 1.973638
0.674000, 0.139300, 0.371900, 0.685500, 0.110000, 2.023200
0.692100, 0.154338, 0.372100, 0.487600, 0.231200, 1.992938
2.655700, 0.505438, 1.686600, 2.224738, 0.402100, 7.741576
1.058900, 0.173900, 0.478700, 1.243938, 0.118200, 3.122238
0.976600, 0.170000, 0.379700, 0.496600, 0.110800, 2.194500
0.684200, 0.146400, 0.376500, 0.508838, 0.124200, 1.883338
0.667400, 0.141700, 0.369100, 0.486900, 0.108300, 1.815600
0.665500, 0.181400, 0.383900, 0.612438, 0.179600, 2.089538
0.706600, 0.136700, 0.361800, 0.478400, 0.122000, 1.849900
0.715700, 0.137000, 0.362100, 0.476700, 0.106400, 1.840400
0.660837, 0.136200, 0.377700, 0.533500, 0.106600, 1.856437
0.651800, 0.136000, 1.716938, 0.887200, 0.145000, 3.580438
0.727100, 0.140900, 0.361900, 0.539200, 0.106300, 1.936200
0.662538, 0.164900, 0.361900, 0.477000, 0.126700, 1.855838
0.710300, 0.141200, 0.360200, 0.475600, 0.106300, 1.863400
0.651400, 0.135900, 0.373738, 0.479300, 0.106300, 1.788038
0.651500, 0.136000, 0.393200, 0.478900, 0.105800, 1.807000
0.651500, 0.136200, 0.362400, 0.500338, 0.110700, 1.802938
0.679400, 0.145500, 0.376200, 0.501200, 0.110500, 1.855200
1.360600, 0.191838, 0.569900, 0.573400, 0.188800, 3.052238
0.803800, 0.142600, 0.375900, 0.507200, 0.111400, 1.985400
0.773138, 0.141700, 0.377700, 0.593300, 0.112000, 2.042338
0.679400, 0.146700, 0.377600, 0.498600, 0.110300, 1.856100
0.692638, 0.140900, 0.376200, 0.506700, 0.116400, 1.876538
0.692900, 0.141200, 0.377900, 0.497700, 0.110200, 1.862800
0.679200, 0.154138, 0.377600, 0.499600, 0.110600, 1.863938
0.679200, 0.145400, 0.538000, 0.499100, 0.112800, 2.018400
0.683700, 0.141800, 0.389037, 0.496700, 0.110500, 1.865537
0.679200, 0.145800, 0.376400, 0.496400, 0.110800, 1.851000
0.679100, 0.145800, 0.386738, 0.499000, 0.110200, 1.863038
0.679100, 0.146200, 0.376600, 0.498900, 0.109900, 1.853100
0.683100, 0.141400, 0.378200, 0.505938, 0.110500, 1.861938
0.679100, 0.143100, 0.377600, 0.497700, 0.110000, 1.849900
0.679000, 0.145500, 0.379100, 0.495600, 0.118338, 1.859738
0.679100, 0.145200, 0.379200, 0.950700, 0.112100, 2.309600
0.685500, 0.142200, 0.379100, 0.507338, 0.110600, 1.868138
0.679600, 0.145800, 0.378500, 0.497200, 0.109900, 1.853500
0.679000, 0.148500, 0.376600, 0.498300, 0.121638, 1.866838
0.679100, 0.145300, 0.379500, 0.498800, 0.114400, 1.859900
0.679300, 0.145400, 0.376500, 0.497000, 0.110100, 1.850800
0.688438, 0.141600, 0.378400, 0.497900, 0.110400, 1.859138
0.679300, 0.145700, 0.377400, 0.497800, 0.110000, 1.852400
0.881038, 0.304400, 0.437900, 1.149200, 0.187000, 3.041138
1.096700, 0.372438, 0.676300, 1.797100, 0.255700, 4.334138
0.730900, 0.142200, 0.411300, 0.553700, 0.228300, 2.208637
1.163700, 0.292300, 0.394200, 0.498800, 0.111400, 2.505800
0.689138, 0.141700, 0.377700, 0.496400, 0.110200, 1.858538
0.679100, 0.150200, 0.379400, 0.962000, 0.388139, 2.602739
1.591600, 0.761800, 2.310038, 0.973200, 0.154200, 6.008538
0.745200, 0.146800, 0.378600, 0.506537, 0.110600, 1.933237
0.693400, 0.155600, 0.391000, 0.495300, 0.111300, 1.890000
0.678900, 0.146200, 0.379800, 0.495400, 0.116838, 1.860138
0.679000, 0.145900, 0.377600, 0.496700, 0.110100, 1.851600
0.684000, 0.141300, 0.379400, 0.498000, 0.110200, 1.855400
0.687238, 0.142500, 0.377900, 0.496900, 0.130600, 1.996438
0.715200, 0.141700, 0.381100, 0.496300, 0.110600, 1.896800
0.862738, 0.146200, 0.380000, 0.497700, 0.110700, 2.040638
0.679200, 0.146900, 0.380400, 0.497500, 0.110400, 1.857500
0.691238, 0.141100, 0.377800, 0.499600, 0.110200, 1.862238
0.679000, 0.145500, 0.380300, 0.496700, 0.110300, 1.854500
0.679200, 0.153237, 0.377100, 0.498100, 0.110100, 1.859837
0.679200, 0.145500, 0.379900, 0.498100, 0.110200, 1.855300
0.679100, 0.145700, 0.485538, 0.499800, 0.111400, 1.965038
0.679200, 0.146400, 0.378300, 0.499100, 0.110000, 1.855900
0.679200, 0.146000, 0.388238, 0.498700, 0.110300, 1.865038
0.679100, 0.146100, 0.377400, 0.495700, 0.109900, 1.850600
0.683100, 0.141000, 0.379800, 0.506038, 0.110500, 1.862838
0.679200, 0.146100, 0.376700, 0.498300, 0.110300, 1.852900
0.679000, 0.145500, 0.375800, 0.504138, 0.110200, 1.856838
0.683200, 0.140800, 0.377000, 0.500000, 0.110200, 1.853100
0.679100, 0.145800, 0.390100, 0.563200, 0.111700, 1.933500
