0.214700, 0.225100, 0.491700, 0.412535, 0.092300, 1.529835
0.086500, 0.114900, 0.306600, 0.402900, 0.090700, 1.043500
0.086400, 0.114700, 0.309100, 0.402200, 0.090600, 1.044000
0.086500, 0.114600, 0.306900, 0.402700, 0.090900, 1.042900
0.086400, 0.114400, 0.305700, 0.413035, 0.091100, 1.052135
0.086500, 0.113900, 0.309100, 0.401300, 0.090400, 1.042500
0.086500, 0.114300, 0.308300, 0.404200, 0.090800, 1.045100
0.086400, 0.114700, 0.306700, 0.401600, 0.090300, 1.040700
0.086400, 0.114800, 0.313835, 0.402900, 0.091300, 1.050635
0.086500, 0.114700, 0.482000, 0.585400, 0.332600, 1.670500
0.086500, 0.170100, 0.833600, 0.507135, 0.114200, 1.755535
0.108400, 0.190700, 0.729000, 0.941500, 0.112900, 2.138600
0.086600, 0.114700, 0.309000, 0.403100, 0.090400, 1.045600
0.086400, 0.114700, 0.307800, 0.413334, 0.091400, 1.054634
0.086500, 0.114500, 0.307100, 0.409500, 0.090700, 1.049500
0.086400, 0.114600, 0.308300, 0.401500, 0.090400, 1.042600
0.086400, 0.114700, 0.309600, 0.403700, 0.090300, 1.045500
0.086400, 0.114500, 0.314735, 0.401700, 0.090900, 1.049235
0.086400, 0.115000, 0.305700, 0.403800, 0.090400, 1.042400
0.086500, 0.114400, 0.305400, 0.402000, 0.090300, 1.039700
0.086500, 0.114600, 0.305400, 0.401700, 0.090200, 1.039200
0.086400, 0.114900, 0.314435, 0.694400, 0.106900, 1.359335
0.086400, 0.115500, 0.306700, 0.403300, 0.090900, 1.051500
0.086500, 0.114900, 0.304700, 0.401400, 0.090600, 1.040100
0.090800, 0.114400, 0.306700, 0.410835, 0.090700, 1.054635
0.086500, 0.114700, 0.306800, 0.401100, 0.090700, 1.041200
0.086400, 0.113900, 0.308300, 0.402300, 0.090100, 1.041600
0.086500, 0.114300, 0.306400, 0.400500, 0.090200, 1.039100
0.086400, 0.114400, 0.307100, 0.414735, 0.091000, 1.055335
0.100100, 0.117200, 0.313800, 0.411300, 0.092600, 1.076300
0.088300, 0.116800, 0.314300, 0.409700, 0.092500, 1.063100
0.088100, 0.116900, 0.312300, 0.410200, 0.092300, 1.061400
0.088300, 0.116900, 0.322535, 0.411300, 0.092900, 1.073735
0.088200, 0.117300, 0.316500, 0.412900, 0.092600, 1.070100
0.088300, 0.117600, 0.312900, 0.411000, 0.094000, 1.072600
0.088300, 0.117200, 0.312900, 0.412000, 0.101035, 1.073735
0.088200, 0.143300, 0.382300, 0.411400, 0.094100, 1.181000
0.088300, 0.117500, 0.311500, 0.410400, 0.092500, 1.063300
0.088300, 0.116600, 0.312500, 0.410700, 0.092200, 1.062000
0.088300, 0.117000, 0.312100, 0.419635, 0.092700, 1.071535
0.088300, 0.117100, 0.317300, 0.411400, 0.092600, 1.068400
0.088300, 0.116900, 0.316500, 0.410600, 0.092000, 1.065800
0.088200, 0.116800, 0.316200, 0.411200, 0.092600, 1.066700
0.088300, 0.116800, 0.319634, 0.410200, 0.092800, 1.069834
0.088300, 0.116900, 0.312900, 0.410400, 0.092300, 1.062500
0.088400, 0.116900, 0.314700, 0.410000, 0.092000, 1.063500
0.088300, 0.116900, 0.313200, 0.411400, 0.092200, 1.063500
0.088300, 0.117400, 0.313000, 0.409800, 0.092700, 1.070135
0.088300, 0.116300, 0.313100, 0.410600, 0.092300, 1.062200
0.088300, 0.116700, 0.313200, 0.411600, 0.092400, 1.063500
0.088200, 0.116600, 0.313700, 0.523235, 0.094100, 1.178635
0.088300, 0.117400, 0.317200, 0.409600, 0.092900, 1.068000
0.088300, 0.116700, 0.312500, 0.409900, 0.092300, 1.061900
0.088200, 0.117100, 0.313500, 0.411800, 0.092300, 1.064600
0.088300, 0.117400, 0.323135, 0.412300, 0.093000, 1.075835
0.088200, 0.117300, 0.315000, 0.410200, 0.092100, 1.065200
0.088200, 0.117500, 0.313800, 0.412500, 0.092300, 1.065900
0.088300, 0.116800, 0.310800, 0.410600, 0.092400, 1.060700
0.088300, 0.124235, 0.315600, 0.410700, 0.135700, 1.117235
0.088500, 0.118000, 0.312800, 0.409400, 0.092700, 1.065500
0.088300, 0.117800, 0.319400, 0.409500, 0.092600, 1.069500
0.088200, 0.117800, 0.315200, 0.419735, 0.092700, 1.075335
0.088300, 0.116900, 0.314100, 0.410800, 0.092600, 1.064700
0.088500, 0.117500, 0.315400, 0.411200, 0.092500, 1.067000
0.088200, 0.117100, 0.312900, 0.411600, 0.092700, 1.064200
0.107500, 0.187300, 0.324935, 0.411700, 0.093500, 1.168035
0.088200, 0.117600, 0.313200, 0.410600, 0.092600, 1.065100
0.088300, 0.117200, 0.313500, 0.411600, 0.092300, 1.064600
0.088300, 0.117200, 0.313400, 0.410300, 0.093000, 1.063800
0.088300, 0.126435, 0.313000, 0.413500, 0.093000, 1.076135
0.088200, 0.116900, 0.311600, 0.409400, 0.092100, 1.059900
0.088200, 0.116800, 0.314900, 0.410300, 0.101300, 1.073900
0.088400, 0.127200, 0.319100, 0.432034, 0.093000, 1.102534
0.088400, 0.116800, 0.313400, 0.410900, 0.092100, 1.063700
0.088300, 0.117200, 0.312100, 0.409600, 0.092100, 1.060900
0.088300, 0.116800, 0.313000, 0.411900, 0.092600, 1.064300
0.088300, 0.117300, 0.321035, 0.409200, 0.092600, 1.070435
0.088200, 0.117400, 0.313500, 0.410600, 0.092300, 1.063700
0.088200, 0.117000, 0.318500, 0.412100, 0.093000, 1.070600
0.088300, 0.116800, 0.414400, 0.413500, 0.094000, 1.170300
0.097535, 0.117800, 0.312800, 0.410800, 0.092500, 1.074335
0.088200, 0.117200, 0.312800, 0.411800, 0.092500, 1.064300
0.088200, 0.117700, 0.312200, 0.410200, 0.092100, 1.062000
0.088200, 0.116300, 0.313500, 0.416935, 0.092800, 1.069835
0.088200, 0.117200, 0.312600, 0.411000, 0.092800, 1.063700
0.088300, 0.116800, 0.317500, 0.410000, 0.092300, 1.066500
0.088200, 0.117100, 0.317000, 0.410600, 0.092700, 1.067600
0.088300, 0.117400, 0.314900, 0.419335, 0.092800, 1.074435
0.088200, 0.116900, 0.332500, 0.423300, 0.093100, 1.096500
0.088200, 0.124300, 0.314400, 0.412800, 0.092900, 1.074800
0.088200, 0.117100, 0.314000, 0.411600, 0.092900, 1.065500
0.088200, 0.125535, 0.312200, 0.410900, 0.092600, 1.070635
0.088300, 0.116800, 0.312700, 0.410800, 0.092000, 1.062400
0.088300, 0.117000, 0.313200, 0.566400, 0.093700, 1.225000
0.088300, 0.117200, 0.311300, 0.418135, 0.092800, 1.070335
0.088300, 0.117500, 0.312600, 0.409200, 0.092400, 1.062400
0.088300, 0.117400, 0.315200, 0.408800, 0.092200, 1.063600
0.088300, 0.116600, 0.316400, 0.410500, 0.092100, 1.065500
0.088200, 0.116900, 0.313800, 0.411600, 0.092800, 1.070335
0.088300, 0.117400, 0.315500, 0.409900, 0.092400, 1.064800
