0.692668, 0.184100, 0.214400, 0.287200, 0.099400, 1.522568
0.679900, 0.121600, 0.214600, 0.288000, 0.098800, 1.446300
0.679700, 0.121000, 0.214100, 0.295068, 0.098600, 1.451468
0.693200, 0.116500, 0.212800, 0.286100, 0.098700, 1.450900
0.680700, 0.129900, 0.215200, 0.287100, 0.099000, 1.455500
0.693268, 0.116200, 0.216400, 0.286300, 0.098000, 1.452968
0.679700, 0.120200, 0.219600, 0.287700, 0.098200, 1.448300
0.679800, 0.123900, 0.215200, 0.298968, 0.098900, 1.459568
0.679800, 0.122000, 0.213600, 0.286500, 0.098800, 1.443600
0.679700, 0.120900, 0.215500, 0.287800, 0.098300, 1.444800
0.679600, 0.120300, 1.030868, 0.286800, 0.101000, 2.262568
0.685000, 0.119700, 0.214400, 0.296500, 0.099000, 1.458100
0.706000, 0.115600, 0.215600, 0.299968, 0.099200, 1.480268
0.685700, 0.116100, 0.215000, 0.288600, 0.098400, 1.446600
0.681100, 0.120800, 0.213000, 0.287700, 0.098500, 1.444300
0.680000, 0.129968, 0.213600, 0.288300, 0.098400, 1.452868
0.680100, 0.120600, 0.213800, 0.287500, 0.098900, 1.443900
0.680800, 0.120300, 0.216500, 0.288000, 0.098200, 1.446300
0.690068, 0.115900, 0.216900, 0.286600, 0.098200, 1.449868
0.679200, 0.120900, 0.220200, 0.287300, 0.098100, 1.448800
0.679800, 0.121700, 0.212700, 0.466668, 0.115100, 1.639968
0.762100, 0.116500, 0.213400, 0.285100, 0.098800, 1.520300
0.680000, 0.121100, 0.215100, 0.287900, 0.098800, 1.446800
0.679600, 0.120900, 0.225569, 0.287900, 0.099000, 1.455869
0.712500, 0.115100, 0.222400, 0.287300, 0.098900, 1.478900
0.679300, 0.119600, 0.212400, 0.287400, 0.103200, 1.444700
0.689268, 0.115600, 0.214000, 0.287700, 0.098000, 1.447068
0.679400, 0.118800, 0.212300, 0.288300, 0.098200, 1.439600
0.679800, 0.120800, 0.211200, 0.288100, 0.099000, 1.441400
0.691768, 0.122400, 0.215200, 0.287900, 0.097900, 1.457768
0.679900, 0.147200, 0.215000, 0.286900, 0.098200, 1.484700
0.853700, 0.187900, 0.224368, 0.287200, 0.099700, 1.697068
0.686500, 0.116100, 0.213300, 0.286500, 0.098200, 1.443900
0.680700, 0.121100, 0.213000, 0.287400, 0.098900, 1.443900
0.690468, 0.115300, 0.212300, 0.286400, 0.098800, 1.445968
0.679400, 0.120200, 0.212100, 0.286900, 0.098300, 1.439600
0.679700, 0.121200, 0.215300, 0.287600, 0.098300, 1.445000
0.690768, 0.115700, 0.217700, 0.286300, 0.099000, 1.452568
0.723000, 0.120300, 0.214000, 0.291800, 0.098300, 1.489700
0.679700, 0.122100, 0.214800, 0.295768, 0.098700, 1.454268
0.679500, 0.121000, 0.211900, 0.287100, 0.098700, 1.440500
0.679500, 0.120900, 0.231000, 0.502700, 0.100200, 1.678700
0.692168, 0.115800, 0.216800, 0.286300, 0.098400, 1.453268
0.680100, 0.120600, 0.212300, 0.284600, 0.098300, 1.438700
0.679600, 0.121200, 0.210400, 0.284400, 0.098100, 1.436400
0.695268, 0.115500, 0.214100, 0.287300, 0.098400, 1.454168
0.679500, 0.121400, 0.214000, 0.284900, 0.098100, 1.440200
0.679300, 0.121100, 0.215400, 0.295368, 0.098700, 1.453068
0.679300, 0.120500, 0.211000, 0.284800, 0.098200, 1.436300
0.679300, 0.121600, 0.212500, 0.283600, 0.098300, 1.437900
0.680000, 0.123100, 0.227568, 0.287100, 0.099000, 1.459668
0.679500, 0.120900, 0.215800, 0.288700, 0.098800, 1.446200
0.756000, 0.159400, 0.215200, 0.286700, 0.099800, 1.560600
0.694268, 0.116400, 0.213800, 0.286600, 0.098400, 1.453568
0.710900, 0.117800, 0.213300, 0.286400, 0.098800, 1.470500
0.688700, 0.116000, 0.215300, 0.301300, 0.099500, 1.463700
0.688400, 0.116100, 0.214900, 0.286700, 0.098500, 1.456368
0.679800, 0.122200, 0.212500, 0.287100, 0.098400, 1.442700
0.684300, 0.115700, 0.214600, 0.294668, 0.098600, 1.450568
0.679400, 0.121400, 0.213600, 0.284600, 0.098500, 1.440000
0.679500, 0.121700, 0.214900, 0.284700, 0.098300, 1.441200
0.679800, 0.131768, 0.214300, 0.288500, 0.098300, 1.455268
0.679800, 0.121400, 0.211900, 0.284800, 0.098500, 1.438900
1.553700, 0.121500, 0.223868, 0.289500, 0.099800, 2.332368
0.679600, 0.121500, 0.216600, 0.284400, 0.098700, 1.444400
0.679800, 0.120500, 0.213000, 0.287600, 0.097900, 1.442200
0.689068, 0.115600, 0.211700, 0.287400, 0.098300, 1.443668
0.679900, 0.121200, 0.212900, 0.287300, 0.098000, 1.441500
0.679500, 0.120600, 0.212900, 0.287400, 0.098200, 1.441200
0.689568, 0.115600, 0.211200, 0.288000, 0.098500, 1.444868
0.688400, 0.115700, 0.212200, 0.288200, 0.098600, 1.445500
0.684200, 0.115900, 0.215800, 0.296768, 0.098600, 1.454168
0.679500, 0.120600, 0.217400, 0.284500, 0.098500, 1.442900
0.956500, 0.116100, 0.367400, 0.287700, 0.100300, 1.872800
0.732168, 0.116600, 0.212200, 0.287800, 0.098200, 1.490768
0.716800, 0.124700, 0.244800, 0.287900, 0.100300, 1.524900
0.720100, 0.121400, 0.215000, 0.286900, 0.098600, 1.485800
0.701768, 0.115800, 0.214700, 0.287800, 0.098100, 1.461268
0.680100, 0.120600, 0.215300, 0.294900, 0.099300, 1.453000
0.694200, 0.122200, 0.222268, 0.288100, 0.099000, 1.468768
0.680500, 0.119400, 0.215500, 0.287800, 0.098200, 1.444600
0.680700, 0.139600, 0.212200, 0.288000, 0.098200, 1.475400
0.689968, 0.116500, 0.216200, 0.320300, 0.098000, 1.483568
1.490800, 0.123900, 0.217100, 0.283500, 0.099300, 2.258500
0.686100, 0.120900, 0.226468, 0.287600, 0.099000, 1.468568
0.682600, 0.121700, 0.213600, 0.284600, 0.098400, 1.443900
0.680100, 0.120700, 0.217100, 0.283200, 0.098400, 1.443100
0.690068, 0.115200, 0.213800, 0.286500, 0.098400, 1.446268
0.679600, 0.121300, 0.217800, 0.285900, 0.098400, 1.445900
0.680000, 0.120500, 0.215200, 0.283200, 0.098300, 1.439800
0.691468, 0.115400, 0.224400, 0.310500, 0.099100, 1.484568
0.688000, 0.115400, 0.215700, 0.286000, 0.097900, 1.445500
0.679800, 0.121400, 0.217200, 0.294668, 0.098600, 1.454868
0.679700, 0.207900, 0.249200, 0.377100, 0.100100, 1.658500
0.682800, 0.121900, 0.214100, 0.287400, 0.098200, 1.448000
0.696769, 0.115600, 0.214900, 0.287700, 0.098500, 1.456769
0.680000, 0.121200, 0.212500, 0.287100, 0.098500, 1.442400
0.685400, 0.115700, 0.212200, 0.288200, 0.097900, 1.441700
0.689968, 0.115400, 0.217400, 0.287500, 0.098300, 1.450968
0.722300, 0.121000, 0.215900, 0.287500, 0.098100, 1.487300
