0.009100, 0.082000, 0.155800, 0.202900, 0.070300, 0.562700
0.008900, 0.081900, 0.151900, 0.201100, 0.070000, 0.554900
0.008900, 0.081700, 0.154300, 0.210837, 0.070700, 0.567937
0.008700, 0.080100, 0.151000, 0.197800, 0.068600, 0.546800
0.008700, 0.080100, 0.148600, 0.196900, 0.068700, 0.543200
0.008700, 0.080000, 0.150800, 0.198400, 0.068700, 0.547000
0.008700, 0.080200, 0.150700, 0.198300, 0.068500, 0.547100
0.008700, 0.080100, 0.150700, 0.201600, 0.068900, 0.550600
0.008900, 0.080000, 0.149300, 0.196800, 0.068700, 0.544300
0.008600, 0.079900, 0.152300, 0.197500, 0.074736, 0.554036
0.008800, 0.080200, 0.149200, 0.298700, 0.070500, 0.649100
0.008800, 0.080500, 0.148400, 0.196900, 0.099300, 0.574600
0.008700, 0.080500, 0.150100, 0.197200, 0.099700, 0.576900
0.008700, 0.079900, 0.149200, 0.196600, 0.069100, 0.543500
0.008700, 0.079700, 0.148300, 0.196700, 0.068700, 0.541900
0.008700, 0.079700, 0.151500, 0.228500, 0.068800, 0.577000
0.008800, 0.079900, 0.151800, 0.198900, 0.069500, 0.557837
0.008700, 0.079900, 0.151600, 0.197800, 0.068800, 0.547000
0.022800, 0.080000, 0.149300, 0.196800, 0.068700, 0.574000
0.008600, 0.079900, 0.150200, 0.197800, 0.099400, 0.575900
0.009100, 0.080500, 0.149300, 0.197400, 0.068600, 0.545500
0.008700, 0.080000, 0.152500, 0.197400, 0.069100, 0.564200
0.008700, 0.080700, 0.150000, 0.196800, 0.069000, 0.546000
0.008800, 0.079900, 0.150200, 0.197400, 0.078136, 0.555336
0.009000, 0.080000, 0.182400, 0.197300, 0.068900, 0.578000
0.008700, 0.084900, 0.150700, 0.198200, 0.068800, 0.552400
0.008800, 0.080100, 0.151300, 0.199700, 0.099400, 0.580000
0.008800, 0.079900, 0.150100, 0.227600, 0.068600, 0.575600
0.008800, 0.079700, 0.151000, 0.199100, 0.068900, 0.547600
0.008700, 0.079900, 0.151200, 0.197100, 0.069000, 0.546400
0.008800, 0.079900, 0.149200, 0.195600, 0.069000, 0.542500
0.008900, 0.080400, 0.149800, 0.197200, 0.099600, 0.576500
0.008700, 0.080300, 0.149200, 0.197000, 0.068600, 0.543600
0.008700, 0.079900, 0.150300, 0.198200, 0.069200, 0.547000
0.008900, 0.080500, 0.151200, 0.198500, 0.068800, 0.548900
0.008700, 0.079800, 0.150900, 0.198700, 0.068700, 0.547300
0.009200, 0.080100, 0.166700, 0.211000, 0.069200, 0.576900
0.008800, 0.079900, 0.150700, 0.198900, 0.068800, 0.547500
0.008800, 0.139937, 0.182000, 0.196600, 0.070100, 0.666337
0.009100, 0.080500, 0.151000, 0.197500, 0.069200, 0.548000
0.008800, 0.080100, 0.150400, 0.198100, 0.068700, 0.546100
0.008700, 0.079900, 0.151200, 0.198000, 0.068600, 0.546500
0.008800, 0.080000, 0.147600, 0.199100, 0.068800, 0.544300
0.008700, 0.080200, 0.149400, 0.197300, 0.068600, 0.544600
0.008800, 0.080000, 0.150500, 0.197900, 0.068700, 0.545700
0.008700, 0.089336, 0.150200, 0.196800, 0.069000, 0.554336
0.008700, 0.080100, 0.150000, 0.197700, 0.068600, 0.545300
0.008700, 0.079900, 0.151000, 0.197500, 0.068600, 0.545700
0.008700, 0.080000, 0.149800, 0.197400, 0.068800, 0.544600
0.009100, 0.079700, 0.150700, 0.198000, 0.069100, 0.546600
0.008700, 0.080100, 0.150000, 0.198100, 0.068700, 0.545900
0.008900, 0.079800, 0.150900, 0.196400, 0.069000, 0.545100
0.008900, 0.080200, 0.161137, 0.198800, 0.069100, 0.558737
0.008800, 0.079900, 0.150900, 0.197300, 0.068700, 0.545900
0.008600, 0.080000, 0.149000, 0.197700, 0.068800, 0.544200
0.008700, 0.088800, 0.149300, 0.197100, 0.069400, 0.554100
0.008800, 0.080100, 0.150000, 0.211000, 0.075900, 0.567000
0.008800, 0.080200, 0.148300, 0.196700, 0.068900, 0.543300
0.008700, 0.080000, 0.150500, 0.197000, 0.068700, 0.544900
0.008700, 0.079700, 0.149300, 0.204636, 0.069200, 0.551736
0.008800, 0.079900, 0.149700, 0.201100, 0.068900, 0.548600
0.008800, 0.079900, 0.151300, 0.197600, 0.068900, 0.546200
0.008700, 0.080000, 0.150500, 0.197200, 0.068700, 0.545300
0.008700, 0.079700, 0.150400, 0.197700, 0.069000, 0.545300
0.008800, 0.079800, 0.151600, 0.197600, 0.068700, 0.546500
0.008700, 0.080000, 0.150700, 0.197900, 0.068700, 0.545900
0.008800, 0.209300, 0.172137, 0.196900, 0.070200, 0.714737
0.008800, 0.080000, 0.150100, 0.197100, 0.069200, 0.548100
0.008800, 0.080400, 0.149600, 0.197200, 0.068700, 0.544500
0.008700, 0.080500, 0.150600, 0.198500, 0.069000, 0.547500
0.008600, 0.079900, 0.150400, 0.198400, 0.068700, 0.546300
0.008700, 0.080200, 0.149600, 0.197100, 0.068700, 0.544600
0.008800, 0.079800, 0.150100, 0.197600, 0.068600, 0.545000
0.008800, 0.080200, 0.149200, 0.207737, 0.069100, 0.555937
0.008800, 0.080100, 0.149600, 0.196900, 0.068900, 0.544400
0.008800, 0.079900, 0.150200, 0.197400, 0.069000, 0.545300
0.008900, 0.080200, 0.150500, 0.198500, 0.068500, 0.546400
0.008800, 0.080200, 0.148500, 0.197200, 0.068700, 0.543700
0.008700, 0.079900, 0.150900, 0.201700, 0.069100, 0.550900
0.008700, 0.080100, 0.151500, 0.199400, 0.068800, 0.549000
0.008800, 0.080000, 0.151500, 0.197700, 0.078136, 0.556936
0.008800, 0.080100, 0.149200, 0.197500, 0.068900, 0.544600
0.008700, 0.079800, 0.149100, 0.197200, 0.069000, 0.544000
0.008700, 0.080200, 0.151100, 0.197700, 0.068800, 0.547000
0.008800, 0.080400, 0.151400, 0.198000, 0.068800, 0.548000
0.008700, 0.080300, 0.149900, 0.197100, 0.068600, 0.544500
0.008900, 0.080200, 0.150500, 0.204300, 0.076300, 0.569600
0.008800, 0.080100, 0.152000, 0.198300, 0.068700, 0.548900
0.009000, 0.080300, 0.150400, 0.197300, 0.069100, 0.584937
0.008700, 0.080000, 0.149900, 0.196700, 0.098300, 0.574000
0.008800, 0.079700, 0.149700, 0.195800, 0.068500, 0.542400
0.008800, 0.080300, 0.152800, 0.198200, 0.068400, 0.548800
0.008800, 0.080100, 0.150100, 0.198200, 0.068700, 0.545900
0.008700, 0.080200, 0.150000, 0.197400, 1.280241, 1.757741
0.008900, 0.081100, 0.151200, 0.196700, 0.077000, 0.556200
0.008800, 0.080200, 0.162300, 0.196400, 0.069500, 0.557900
0.008800, 0.080100, 0.154300, 0.202900, 0.069400, 0.556600
0.008800, 0.080500, 0.150600, 0.196500, 0.068800, 0.545600
0.008700, 0.079500, 0.150300, 0.196900, 0.069000, 0.544600
0.008700, 0.079900, 0.151000, 0.197700, 0.068900, 0.546100
