0.009000, 0.205000, 0.996436, 1.250700, 0.135100, 2.641536
0.008900, 0.204500, 0.985300, 1.256936, 0.135000, 2.635536
0.008900, 0.208100, 0.983800, 1.248900, 0.135300, 2.629600
0.008900, 0.203600, 0.996136, 1.248700, 0.134900, 2.637236
0.008900, 0.203500, 1.147600, 1.271936, 0.135800, 2.814036
0.009000, 0.204500, 0.987100, 1.256500, 0.135200, 2.637600
0.008900, 0.204300, 0.995837, 1.249900, 0.134800, 2.638737
0.008800, 0.204100, 0.984700, 1.259036, 0.134700, 2.636536
0.008800, 0.204300, 0.986600, 1.250900, 0.135300, 2.630600
0.008800, 0.204500, 0.999436, 1.249500, 0.134800, 2.642136
0.008900, 0.204400, 1.300000, 1.263936, 0.137600, 2.960636
0.008900, 0.206200, 0.986900, 1.252200, 0.134900, 2.634800
0.008900, 0.204700, 0.994936, 1.371500, 0.166300, 2.791336
0.009000, 0.204700, 0.987900, 1.260736, 0.135100, 2.645436
0.009100, 0.204000, 0.986700, 1.251000, 0.134800, 2.630500
0.008800, 0.204100, 0.997136, 1.424700, 0.149900, 2.830236
0.009000, 0.204300, 1.019600, 1.355036, 0.135500, 2.774936
0.008900, 0.203600, 1.016400, 1.364036, 0.157300, 2.812136
0.008800, 0.205100, 0.985800, 1.332100, 0.135300, 2.712000
0.008900, 0.299600, 0.993636, 1.250700, 0.135200, 2.732636
0.008900, 0.204600, 0.989700, 1.258036, 0.135500, 2.641336
0.008900, 0.204200, 0.986000, 3.150137, 0.143500, 4.540437
0.009100, 0.245600, 3.657736, 2.881900, 0.291836, 7.151272
0.029900, 0.429500, 1.859000, 9.768909, 0.715900, 12.923109
0.010100, 0.232800, 1.332000, 1.603835, 0.178600, 3.435735
0.010000, 0.217900, 1.083600, 1.339500, 0.366600, 3.119600
0.009500, 0.235600, 1.520336, 1.354200, 0.328300, 3.498836
0.009000, 0.208000, 1.072736, 1.257000, 0.135000, 2.728836
0.009000, 0.205800, 1.021900, 1.264936, 0.135100, 2.682636
0.008800, 0.205300, 0.994600, 1.283900, 0.135300, 2.673100
0.008900, 0.203800, 1.022237, 1.279600, 0.137800, 2.697537
0.009000, 0.208600, 1.007400, 1.288836, 0.341300, 2.902036
0.009100, 0.209800, 1.014000, 1.281900, 0.138200, 2.699900
0.009100, 0.213500, 1.021236, 1.279300, 0.138000, 2.707036
0.009000, 0.208900, 1.008600, 1.290036, 0.137300, 2.699736
0.009100, 0.207900, 1.008300, 1.275700, 0.138100, 2.684700
0.009100, 0.217936, 1.009100, 1.281800, 0.137700, 2.733436
0.009100, 0.208300, 1.042000, 1.409736, 0.139100, 2.855236
0.009100, 0.208400, 1.005700, 1.275400, 0.148836, 2.693936
0.009000, 0.208900, 1.006500, 1.278400, 0.137700, 2.686300
0.009000, 0.208800, 1.021836, 1.275100, 0.137600, 2.698536
0.009000, 0.208300, 1.007400, 1.294036, 0.137400, 2.701836
0.009000, 0.208900, 1.006300, 1.278600, 0.137200, 2.685800
0.009100, 0.209400, 1.250837, 1.297400, 0.145400, 2.959037
0.009500, 0.209600, 1.007200, 1.285835, 0.138200, 2.697135
0.009300, 0.207700, 1.006300, 1.277700, 0.137800, 2.684400
0.009100, 0.208500, 1.017137, 1.275000, 0.137700, 2.693937
0.009100, 0.209900, 1.016600, 1.296036, 0.138000, 2.716036
0.009000, 0.207500, 1.006800, 1.276500, 0.137800, 2.683700
0.009200, 0.383300, 1.029236, 1.295900, 0.138400, 2.903836
0.009100, 0.209200, 1.012100, 1.285336, 0.138000, 2.700036
0.009100, 0.208600, 1.008600, 1.277700, 0.137700, 2.687300
0.009100, 0.216636, 1.006200, 1.275300, 0.137700, 2.690436
0.009000, 0.209400, 1.012000, 1.308736, 0.151200, 2.736636
0.009000, 0.209100, 1.014300, 1.358200, 0.148836, 2.785936
0.009100, 0.209300, 1.006800, 1.274500, 0.137600, 2.682900
0.009100, 0.208700, 1.023736, 1.278200, 0.137700, 2.702836
0.009100, 0.208000, 1.009900, 1.284436, 0.137600, 2.694436
0.009400, 0.208900, 1.006400, 1.276900, 0.137600, 2.688900
0.009000, 0.208900, 1.018636, 1.284200, 0.137800, 2.704436
0.009000, 0.208200, 1.135600, 1.310137, 0.139000, 2.848237
0.009300, 0.259600, 1.020400, 1.288400, 0.140900, 2.767700
0.009300, 0.211000, 1.023736, 1.283200, 0.138100, 2.712936
0.009100, 0.209500, 1.010700, 1.289736, 0.137900, 2.702436
0.008900, 0.209600, 1.005500, 1.276000, 0.137800, 2.683800
0.009100, 0.208800, 1.014536, 1.277800, 0.138100, 2.693836
0.009000, 0.208100, 1.106500, 1.292036, 0.135900, 2.798036
0.008800, 0.205000, 1.008300, 1.312200, 0.136000, 2.715900
0.008900, 0.204400, 1.091836, 1.254000, 0.135900, 2.741036
0.008900, 0.204000, 0.985000, 1.259536, 0.135000, 2.637736
0.008800, 0.204800, 0.987300, 1.249000, 0.135500, 2.630500
0.008900, 0.203900, 0.994936, 1.379300, 0.140700, 2.773236
0.008800, 0.204500, 0.986900, 1.260636, 0.135200, 2.641136
0.008800, 0.204100, 0.985000, 1.308300, 0.135800, 2.687700
0.008900, 0.204700, 1.001636, 1.253100, 0.135300, 2.648836
0.008900, 0.205100, 0.990900, 1.260736, 0.134600, 2.645636
0.008900, 0.204300, 0.987600, 1.250700, 0.134500, 2.630500
0.008800, 0.204400, 0.995237, 1.506700, 0.137500, 2.898337
0.008900, 0.205100, 0.990900, 1.263036, 0.135400, 2.650036
0.008800, 0.205200, 0.986300, 1.250200, 0.135200, 2.631000
0.008800, 0.214436, 0.987400, 1.250000, 0.135100, 2.640536
0.008800, 0.204400, 0.987300, 1.261736, 0.135200, 2.642436
0.008900, 0.204600, 0.985800, 1.251800, 0.134800, 2.630900
0.008700, 0.214536, 0.986800, 1.566700, 0.137200, 2.959436
0.008900, 0.206400, 1.021036, 1.250000, 0.135700, 2.667436
0.008900, 0.204900, 0.990900, 1.258336, 0.135400, 2.643336
0.008900, 0.205000, 0.987900, 1.251200, 0.134700, 2.633200
0.008800, 0.204200, 0.996436, 1.259400, 0.134700, 2.648936
0.008900, 0.203800, 0.985900, 1.257500, 0.144436, 2.645636
0.008800, 0.204500, 1.706400, 2.120037, 0.299900, 4.402637
0.009500, 0.334800, 1.349600, 1.368700, 0.157500, 3.269000
0.009300, 0.224135, 1.038400, 1.280700, 0.137800, 2.737735
0.008900, 0.204200, 0.986500, 1.256537, 0.135300, 2.651237
0.009100, 0.204800, 0.985800, 1.267400, 0.135700, 2.648000
0.009200, 0.204900, 1.461400, 1.832600, 0.221000, 3.776400
0.009500, 0.312936, 1.469200, 1.306100, 0.175800, 3.386636
0.009800, 0.217700, 1.258836, 1.367400, 0.140900, 3.044836
0.009000, 0.208200, 1.085900, 1.266036, 0.135700, 2.753336
0.009000, 0.206200, 0.987100, 1.259500, 0.198400, 2.705800
0.008900, 0.214536, 1.124800, 1.265900, 0.136500, 2.796736
