0.009200, 0.179200, 0.850600, 1.072700, 0.117800, 2.276700
0.009000, 0.178000, 0.864536, 1.078500, 0.118100, 2.294236
0.008900, 0.178700, 0.851000, 1.080037, 0.117400, 2.282037
0.009000, 0.177800, 0.850100, 1.068900, 0.117700, 2.269000
0.009000, 0.177200, 0.850600, 1.086336, 5.989939, 8.232775
0.028300, 1.682437, 0.929600, 1.188200, 0.142200, 4.098737
0.010200, 0.225100, 1.006633, 1.155400, 0.140800, 2.590833
0.009500, 0.187600, 1.017700, 3.839136, 0.400100, 5.639836
0.010100, 0.413500, 2.372039, 2.337833, 0.134600, 5.346072
0.009500, 0.185900, 1.445900, 3.424640, 0.431900, 5.562840
0.010200, 0.417000, 2.644738, 1.123300, 0.136700, 4.395538
0.009600, 0.186400, 0.859900, 1.090131, 0.119000, 2.318731
0.009400, 0.224100, 0.940000, 1.074700, 0.120200, 2.417400
0.009100, 0.179000, 0.869836, 1.075000, 0.117900, 2.298336
0.009000, 0.177600, 0.852600, 1.075400, 0.129837, 2.290337
0.009000, 0.178200, 0.851200, 1.093200, 0.118000, 2.295600
0.009100, 0.177600, 0.853700, 1.277436, 0.118200, 2.482136
0.009000, 0.178100, 0.903900, 1.075500, 0.117800, 2.330500
0.009000, 0.177800, 0.862436, 1.071200, 0.117800, 2.284136
0.009100, 0.178100, 0.849900, 1.072200, 0.118200, 2.274000
0.009000, 0.189336, 0.853400, 1.066800, 0.118000, 2.281936
0.009100, 0.177100, 0.850700, 1.084037, 0.118200, 2.284737
0.009100, 0.178000, 0.849400, 1.069200, 0.117300, 2.268900
0.009000, 0.177000, 1.098236, 1.072300, 0.119200, 2.527636
0.009000, 0.178000, 0.852400, 1.077500, 0.118200, 2.281200
0.009000, 0.178400, 0.866536, 1.071900, 0.119800, 2.292836
0.009000, 0.179000, 0.849900, 1.107436, 0.118800, 2.311736
0.009000, 0.178000, 0.852200, 1.097800, 0.119000, 2.303400
0.009300, 0.192437, 0.858100, 1.071600, 0.117900, 2.296037
0.009100, 0.177400, 1.088000, 1.575336, 0.124800, 3.024136
0.009700, 0.181200, 0.852400, 1.397636, 0.155600, 2.646636
0.027400, 0.245400, 0.947000, 1.085900, 0.212900, 2.584100
0.009400, 0.181600, 0.927100, 1.072600, 0.121800, 2.363400
0.009400, 0.181300, 0.854200, 1.392137, 0.120300, 2.607337
0.009500, 0.238800, 0.890300, 1.079200, 0.122900, 2.401800
0.009800, 0.182800, 0.860700, 1.111736, 0.124800, 2.343336
0.009300, 0.182800, 0.887736, 1.078300, 0.118600, 2.325536
0.009000, 0.178900, 0.852600, 1.087200, 0.156837, 2.331837
0.009200, 0.180200, 0.869200, 1.205600, 0.125400, 2.439200
0.009400, 0.182200, 1.150700, 1.139736, 0.206200, 2.758036
0.009700, 0.227200, 0.893800, 1.113800, 0.125500, 2.425300
0.009300, 0.198736, 0.868600, 1.092600, 0.122100, 2.343236
0.009400, 0.181600, 0.909200, 1.090436, 0.120700, 2.361436
0.009300, 0.180000, 0.896200, 1.075500, 0.119200, 2.328000
0.009100, 0.178900, 0.858800, 1.087236, 0.117900, 2.299436
0.009000, 0.177200, 0.957100, 1.089800, 0.119200, 2.399700
0.009400, 0.178400, 0.871637, 1.081600, 0.121500, 2.368037
0.009100, 0.180600, 0.863500, 1.096736, 0.118900, 2.317536
0.009100, 0.179200, 0.895100, 1.093200, 0.120100, 2.344500
0.009100, 0.179300, 0.860800, 1.089936, 0.118700, 2.305536
0.009000, 0.178500, 0.852300, 1.154400, 0.120000, 2.362400
0.009300, 0.181500, 1.043537, 1.151500, 0.129100, 2.567637
0.009300, 0.182900, 0.863300, 1.096136, 0.119000, 2.327036
0.009100, 0.179500, 0.855300, 1.113800, 0.119500, 2.324800
0.009100, 0.180000, 0.960100, 1.107236, 0.143300, 2.449936
0.009500, 0.232600, 0.912900, 1.101200, 0.131100, 2.442700
0.009500, 0.183200, 0.895336, 1.150600, 0.127100, 2.419436
0.009200, 0.181100, 0.854400, 1.094636, 0.118200, 2.306536
0.009100, 0.214900, 1.366700, 1.082400, 0.125900, 2.849200
0.009400, 0.181900, 0.945137, 1.076100, 0.206500, 2.468037
0.009200, 0.329600, 0.905000, 1.106336, 0.120300, 2.552336
0.009200, 0.180800, 0.867700, 1.090600, 0.121600, 2.317700
0.009300, 0.181400, 0.861100, 1.085536, 0.119100, 2.303836
0.009100, 0.177900, 0.854300, 1.082400, 0.118400, 2.288200
0.009000, 0.177500, 0.862436, 1.171900, 0.119400, 2.387236
0.009100, 0.178200, 0.849700, 1.071800, 0.117800, 2.273400
0.009100, 0.190237, 0.850800, 1.069900, 0.118300, 2.285037
0.009100, 0.178000, 0.850000, 1.085336, 0.118400, 2.286836
0.009000, 0.177600, 0.848900, 1.071800, 0.118000, 2.271500
0.009000, 0.177300, 0.849300, 1.082836, 0.118100, 2.282336
0.009000, 0.177800, 0.850200, 1.070500, 0.117300, 2.270500
0.009000, 0.177000, 1.129236, 1.073000, 0.119300, 2.554936
0.009000, 0.178400, 0.862900, 1.081237, 0.118000, 2.296937
0.009100, 0.178500, 0.852200, 1.072600, 0.117600, 2.275900
0.009100, 0.177900, 0.852000, 1.083636, 0.117700, 2.286336
0.009000, 0.177700, 0.849800, 1.078500, 0.118100, 2.278800
0.008900, 0.177400, 0.858836, 1.068700, 0.118200, 2.278136
0.009000, 0.177300, 0.850400, 1.067500, 0.117800, 2.267900
0.009000, 0.177900, 1.365637, 1.170100, 0.120400, 2.889737
0.009200, 0.178700, 0.915400, 1.082836, 0.123300, 2.357236
0.009000, 0.178000, 0.850200, 1.069100, 0.118300, 2.270900
0.008900, 0.177900, 0.863536, 1.150000, 0.152600, 2.400236
0.009100, 0.178500, 0.852200, 1.102900, 0.118600, 2.307500
0.009000, 0.247636, 0.884200, 1.069400, 0.118300, 2.375536
0.009100, 0.177700, 0.857300, 1.235536, 0.118400, 2.444836
0.009300, 0.177500, 0.873400, 1.070800, 0.139400, 2.325300
0.009000, 0.177000, 0.861037, 1.171700, 0.119000, 2.400337
0.009100, 0.178000, 0.881000, 1.072600, 0.118900, 2.307300
0.009100, 0.188736, 0.853700, 1.071100, 0.117300, 2.286136
0.009300, 0.177100, 0.848600, 1.086936, 0.117700, 2.285836
0.008900, 0.176700, 0.878100, 1.079600, 0.118300, 2.307800
0.009000, 0.178000, 0.980336, 1.069300, 0.118700, 2.401736
0.009100, 0.177500, 0.848200, 1.075700, 0.117700, 2.274300
0.009100, 0.177800, 0.859337, 1.071400, 0.117500, 2.280737
0.009000, 0.177400, 0.848600, 1.071400, 0.126436, 2.278436
0.009000, 0.177300, 0.849900, 1.071200, 0.117100, 2.269800
0.009000, 0.177400, 0.849000, 1.085536, 0.117800, 2.284736
0.009000, 0.177600, 0.850700, 1.372700, 0.153900, 2.610900
0.009400, 0.218400, 0.897336, 1.963600, 0.171000, 3.364736
0.009800, 0.210800, 0.955500, 1.487137, 0.123700, 2.855737
