0.009200, 0.071200, 0.131200, 0.170200, 0.060600, 0.485000
0.009100, 0.070300, 0.132100, 0.170500, 0.060800, 0.484500
0.009000, 0.070900, 0.130400, 0.197400, 0.061500, 0.511800
0.009000, 0.071100, 0.129400, 0.170100, 0.072236, 0.494536
0.009000, 0.071000, 0.129900, 0.170400, 0.061100, 0.483000
0.009000, 0.070500, 0.129900, 0.170000, 0.060500, 0.481500
0.008900, 0.070600, 0.129600, 0.177200, 0.061400, 0.490000
0.009000, 0.070700, 0.130300, 0.170600, 0.060800, 0.483000
0.009000, 0.070700, 0.131200, 0.170000, 0.060500, 0.483100
0.009000, 0.070100, 0.128300, 0.170500, 0.060700, 0.479800
0.009100, 0.078700, 0.131800, 0.167900, 0.060800, 0.490400
0.009000, 0.089500, 0.247200, 0.199600, 0.062500, 0.656500
0.009100, 0.071400, 0.130100, 0.170100, 0.060700, 0.484500
0.009000, 0.070800, 0.130200, 0.170400, 0.060600, 0.482600
0.009100, 0.071100, 0.131000, 0.169700, 0.062900, 0.485600
0.009000, 0.071100, 0.129400, 0.169900, 0.060800, 0.482000
0.009000, 0.070500, 0.130000, 0.171300, 0.060500, 0.482800
0.009000, 0.070900, 0.131900, 0.189837, 0.061200, 0.505337
0.009000, 0.071200, 0.129800, 0.197700, 0.061900, 0.513100
0.009000, 0.071200, 0.131100, 0.169800, 0.060900, 0.484500
0.009100, 0.070900, 0.131000, 0.171300, 0.060500, 0.484500
0.009000, 0.070400, 0.129700, 0.170200, 0.060700, 0.481400
0.009000, 0.070600, 0.129100, 0.289000, 0.062400, 0.602800
0.009000, 0.071400, 0.130400, 0.196300, 0.062300, 0.512700
0.009100, 0.070800, 0.130000, 0.171600, 0.061100, 0.495736
0.009000, 0.070700, 0.129600, 0.171400, 0.060600, 0.483500
0.009000, 0.070600, 0.128600, 0.171900, 0.060600, 0.482500
0.008900, 0.070100, 0.128900, 0.171500, 0.060700, 0.481500
0.008900, 0.070600, 0.130400, 0.171100, 0.061000, 0.484000
0.009000, 0.070600, 0.156700, 0.172700, 0.061500, 0.512600
0.009100, 0.071000, 0.129800, 0.171800, 0.060700, 0.484500
0.009000, 0.070400, 0.142900, 0.173400, 0.061400, 0.498900
0.009100, 0.081137, 0.144200, 0.204900, 0.061100, 0.566637
0.008900, 0.071200, 0.173300, 0.166700, 0.060700, 0.541500
0.008900, 0.069500, 0.127400, 0.166700, 0.059400, 0.474600
0.008900, 0.069300, 0.127200, 0.167100, 0.059300, 0.472800
0.008800, 0.069300, 0.126900, 0.166400, 0.059400, 0.472000
0.008800, 0.070000, 0.233900, 0.169700, 0.061500, 0.585800
0.009200, 0.107437, 0.140400, 0.351800, 0.125700, 0.794837
0.009000, 0.157100, 0.176600, 0.231500, 0.108300, 0.741900
0.008800, 0.088400, 0.131600, 0.206700, 0.062000, 0.570700
0.009100, 0.072000, 0.131500, 0.170100, 0.060900, 0.487100
0.009100, 0.071000, 0.128900, 0.170800, 0.060700, 0.483000
0.009400, 0.070500, 0.130300, 0.169900, 0.061000, 0.483600
0.009100, 0.071100, 0.129600, 0.170300, 0.066000, 0.586437
0.009600, 0.128500, 0.128000, 0.186500, 0.062200, 0.607000
0.009600, 0.131000, 0.158400, 0.193900, 0.189500, 0.745000
0.009000, 0.069600, 0.127000, 0.168600, 0.059300, 0.475700
0.008800, 0.069600, 0.127600, 0.171000, 0.059600, 0.478100
0.008900, 0.069500, 0.130300, 0.167800, 0.059600, 0.477500
0.008800, 0.069000, 0.209300, 0.198236, 0.061200, 0.589136
0.009000, 0.069900, 0.128700, 0.166200, 0.059600, 0.475500
0.008800, 0.069400, 0.129500, 0.165900, 0.059300, 0.474400
0.008800, 0.069100, 0.128300, 0.185800, 0.104800, 0.538900
0.008900, 0.069800, 0.128400, 0.167200, 0.059400, 0.493000
0.009000, 0.084800, 0.129300, 0.166600, 0.059600, 0.490900
0.009000, 0.069400, 0.127800, 0.166900, 0.059300, 0.473300
0.008900, 0.083637, 0.129100, 0.166100, 0.059600, 0.488437
0.008900, 0.069600, 0.130200, 0.166100, 0.059600, 0.475900
0.008800, 0.069400, 0.126800, 0.166600, 0.059300, 0.471800
0.008900, 0.069300, 0.130100, 0.165700, 0.059500, 0.474500
0.008900, 0.069100, 0.128800, 0.167900, 0.059300, 0.474700
0.008900, 0.069100, 0.125900, 0.165300, 0.060400, 0.470500
0.008800, 0.068900, 0.127800, 0.166700, 0.060000, 0.473100
0.008900, 0.068500, 0.127800, 0.166500, 0.059700, 0.473100
0.008800, 0.069400, 0.393937, 0.166400, 0.061400, 0.742237
0.008900, 0.069600, 0.126600, 0.166100, 0.059600, 0.473300
0.008900, 0.073900, 0.126900, 0.166700, 0.060000, 0.477900
0.008800, 0.069200, 0.129200, 0.166800, 0.059400, 0.474400
0.008900, 0.069300, 0.126800, 0.166500, 0.059300, 0.472100
0.008800, 0.069200, 0.127700, 0.166800, 0.059700, 0.473100
0.008800, 0.069200, 0.128100, 0.166400, 0.059500, 0.473200
0.008800, 0.069100, 0.127400, 0.166400, 0.059500, 0.472100
0.009100, 0.082136, 0.128000, 0.166800, 0.059900, 0.487636
0.009000, 0.069600, 0.130800, 0.166700, 0.059100, 0.476100
0.008800, 0.069200, 0.129800, 0.166400, 0.059500, 0.474900
0.008900, 0.069000, 0.129700, 0.166300, 0.059300, 0.474100
0.008800, 0.069400, 0.126500, 0.166800, 0.059400, 0.471500
0.008900, 0.069200, 0.130500, 0.166400, 0.059800, 0.476300
0.008900, 0.068900, 0.130000, 0.167000, 0.059600, 0.475800
0.008800, 0.069000, 0.129100, 0.166400, 0.059300, 0.473500
0.008800, 0.069300, 0.127800, 0.173637, 0.059700, 0.480637
0.008800, 0.069700, 0.128200, 0.166100, 0.059500, 0.473600
0.008800, 0.069400, 0.128300, 0.167200, 0.059700, 0.475000
0.008900, 0.069300, 0.128300, 0.167100, 0.059700, 0.474500
0.008900, 0.069400, 0.126300, 0.166900, 0.059500, 0.472000
0.008900, 0.069300, 0.126600, 0.166800, 0.059100, 0.471600
0.008900, 0.069100, 0.127100, 0.171500, 0.059800, 0.478400
0.008800, 0.069900, 0.126900, 0.166400, 0.059300, 0.472500
0.008800, 0.069500, 0.125800, 0.175337, 0.059700, 0.480237
0.008800, 0.069300, 0.126700, 0.168000, 0.059500, 0.473700
0.008800, 0.069500, 0.126300, 0.166700, 0.059400, 0.472300
0.008800, 0.068900, 0.126500, 0.185600, 0.074900, 0.505900
0.008900, 0.069400, 0.128000, 0.165600, 0.059700, 0.472600
0.008800, 0.069400, 0.127500, 0.167300, 0.059800, 0.473900
0.008900, 0.069500, 0.128300, 0.167300, 0.059600, 0.475100
0.008800, 0.068900, 0.128600, 0.165500, 0.060300, 0.473800
0.008900, 0.069200, 0.286200, 0.202137, 0.063000, 0.688337
0.008900, 0.114400, 0.161400, 0.181900, 0.060400, 0.569900
0.009100, 0.069800, 0.127600, 0.167000, 0.059500, 0.474700
