0.088500, 0.113700, 0.215100, 0.392900, 0.099500, 0.953300
0.088400, 0.114000, 0.215500, 0.288600, 0.097900, 0.847100
0.088300, 0.114000, 0.216500, 0.288600, 0.102400, 0.852600
0.088300, 0.113700, 0.225335, 0.288500, 0.097700, 0.855835
0.088300, 0.113400, 0.214700, 0.289000, 0.097500, 0.845100
0.088400, 0.113700, 0.216500, 0.289000, 0.097500, 0.846900
0.088300, 0.113600, 0.215100, 0.289300, 0.097800, 0.846100
0.088400, 0.112900, 0.214400, 0.293200, 0.098000, 0.849000
0.095635, 0.113300, 0.216200, 0.289000, 0.097300, 0.853535
0.088300, 0.114100, 0.215800, 0.288800, 0.097600, 0.846700
0.088300, 0.114000, 0.215000, 0.367200, 0.099300, 0.926800
0.088500, 0.114300, 0.217000, 0.288000, 0.097900, 0.848900
0.088200, 0.113900, 0.216000, 0.298336, 0.098100, 0.858436
0.088300, 0.114000, 0.216000, 0.288900, 0.097800, 0.847100
0.088200, 0.114200, 0.218800, 0.288900, 0.097700, 0.850000
0.088300, 0.113600, 0.216400, 0.289400, 0.097700, 0.847000
0.088300, 0.113500, 0.216000, 0.289400, 0.097400, 0.846600
0.088400, 0.113700, 0.226335, 0.289400, 0.097800, 0.858135
0.088400, 0.113700, 0.216900, 0.302500, 0.151300, 0.916000
0.088400, 0.113600, 0.217900, 0.288300, 0.097600, 0.848600
0.088300, 0.114200, 0.216800, 0.289200, 0.097600, 0.848400
0.088300, 0.112900, 0.216600, 0.289300, 0.107535, 0.856635
0.092100, 0.113700, 0.216800, 0.289000, 0.097700, 0.851100
0.088400, 0.113200, 0.217800, 0.289300, 0.097700, 0.848500
0.088300, 0.113900, 0.215300, 0.289100, 0.097800, 0.846400
0.088300, 0.113600, 0.217200, 0.288800, 0.097700, 0.847600
0.088300, 0.113200, 0.216500, 0.298636, 0.098200, 0.857236
0.088200, 0.113700, 0.215700, 0.289400, 0.097700, 0.847000
0.088300, 0.113700, 0.218500, 0.288900, 0.097800, 0.848900
0.088300, 0.113400, 0.218200, 0.289300, 0.098300, 0.849700
0.088400, 0.113400, 0.215600, 0.288900, 0.097600, 0.845900
0.088300, 0.122135, 0.215900, 0.305500, 0.096200, 0.870335
0.086500, 0.111400, 0.212000, 0.283300, 0.095800, 0.830300
0.086600, 0.111600, 0.215500, 0.283000, 0.095900, 0.834300
0.086400, 0.111900, 0.214300, 0.283000, 0.095700, 0.832600
0.086500, 0.110800, 0.209800, 0.283000, 0.103435, 0.835235
0.086500, 0.111500, 0.216200, 0.283600, 0.096200, 0.835600
0.086500, 0.120300, 0.213400, 0.472800, 0.096800, 2.556400
0.086700, 0.111600, 0.211900, 0.295236, 0.096500, 0.844936
0.086500, 0.112200, 0.209300, 0.283200, 0.095600, 0.828900
0.086500, 0.111900, 0.214800, 0.285500, 0.095700, 0.836100
0.086500, 0.113000, 0.209800, 0.282900, 0.096200, 0.830400
0.086500, 0.111700, 0.210300, 0.283900, 0.095700, 0.829900
0.086500, 0.112200, 0.221635, 0.281400, 0.096000, 0.839335
0.086500, 0.111400, 0.211200, 0.283300, 0.165300, 0.900400
0.086600, 0.111800, 0.211000, 0.283500, 0.095800, 0.831100
0.086300, 0.115700, 0.211800, 0.283000, 0.095800, 0.834400
0.086400, 0.110900, 0.210100, 0.284200, 0.095600, 0.829100
0.086400, 0.120835, 0.210100, 0.285000, 0.096000, 0.840135
0.086800, 0.111400, 0.211600, 0.283900, 0.095400, 0.830500
0.086300, 0.111100, 0.214100, 0.285500, 0.096000, 0.834000
0.086400, 0.111200, 0.211700, 0.284500, 0.095700, 0.830500
0.086400, 0.111300, 0.212000, 0.284300, 0.104336, 0.839536
0.086400, 0.111800, 0.211200, 0.408800, 0.097700, 0.958600
0.086800, 0.112100, 0.211200, 0.283900, 0.095900, 0.831800
0.086400, 0.111500, 0.210200, 0.284400, 0.095700, 0.829500
0.086400, 0.111800, 0.211400, 0.284200, 0.095800, 0.830900
0.086700, 0.110900, 0.213400, 0.297635, 0.096100, 0.846335
0.086500, 0.111400, 0.211800, 0.284200, 0.095900, 0.830800
0.086400, 0.111000, 0.212000, 0.284900, 0.095600, 0.831300
0.086400, 0.111400, 0.211900, 0.284700, 0.096000, 0.831500
0.086500, 0.111700, 0.211000, 0.283900, 0.095700, 0.829700
0.086600, 0.111700, 0.220335, 0.284600, 0.096400, 0.841435
0.086600, 0.111100, 0.213000, 0.284700, 0.095500, 0.832200
0.086300, 0.111200, 0.209100, 0.283300, 0.095800, 0.826900
0.086500, 0.112000, 0.211400, 0.284400, 0.095700, 0.831000
0.086700, 0.129500, 0.223900, 0.284100, 0.096200, 0.862800
0.095036, 0.111900, 0.211100, 0.284100, 0.095600, 0.839036
0.086500, 0.111100, 0.211100, 0.284300, 0.095800, 0.831000
0.086500, 0.111400, 0.214200, 0.284200, 0.095900, 0.833500
0.086500, 0.111600, 0.211800, 0.284300, 0.095900, 0.831800
0.086500, 0.111100, 0.207900, 0.294235, 0.096500, 0.837635
0.172200, 0.158300, 0.210900, 0.283300, 0.096300, 0.964000
0.086500, 0.111600, 0.212500, 0.283400, 0.096000, 0.831600
0.086700, 0.111400, 0.212100, 0.284100, 0.096000, 0.831700
0.086600, 0.111500, 0.210200, 0.283200, 0.096500, 0.829000
0.086400, 0.110900, 0.221435, 0.285300, 0.096000, 0.841635
0.086400, 0.111600, 0.213900, 0.286200, 0.095900, 0.835200
0.086400, 0.111700, 0.212000, 0.283800, 0.095800, 0.830700
0.086500, 0.111400, 0.210800, 0.283100, 0.095700, 0.828600
0.086400, 0.111300, 0.211000, 0.288100, 0.095900, 0.834200
0.086400, 0.120736, 0.212800, 0.284800, 0.096600, 0.842836
0.086400, 0.111300, 0.210900, 0.283900, 0.095900, 0.829600
0.086500, 0.111800, 0.212300, 0.284200, 0.096000, 0.832200
0.086400, 0.111400, 0.210000, 0.282900, 0.105500, 0.838000
0.099300, 0.112200, 0.212800, 0.291835, 0.095900, 0.853935
0.093100, 0.111300, 0.212400, 0.283600, 0.095900, 0.837900
0.086500, 0.111000, 0.214100, 0.285400, 0.096000, 0.834100
0.086400, 0.111800, 0.213000, 0.283600, 0.095800, 0.831600
0.086400, 0.111700, 0.208600, 0.283300, 0.095700, 0.826800
0.086500, 0.111200, 0.312935, 0.284100, 0.097500, 0.934135
0.086500, 0.111800, 0.211500, 0.284300, 0.103600, 0.840100
0.093300, 0.115400, 0.211800, 0.283000, 0.096200, 0.847100
0.086600, 0.118900, 0.211600, 0.284100, 0.095800, 0.838900
0.086500, 0.111600, 0.212600, 0.284000, 0.095800, 0.831700
0.086500, 0.119836, 0.211000, 0.283000, 0.095900, 0.837536
0.086400, 0.112000, 0.209600, 0.283200, 0.095700, 0.828500
0.086400, 0.111500, 0.210900, 0.284200, 0.095900, 0.830100
0.086500, 0.111200, 0.209900, 0.283200, 0.095800, 0.827500
0.086500, 0.111400, 0.211200, 0.283000, 0.095700, 0.836035
